dT,0.01,Substep Number,3
Time,State History
Time:,0.0,x:   ,0.1,0.2,-1.0,0.1
Time:,0.01,x:   ,0.06587842299163107,0.32441180071651565,-0.9696324158559378,0.052556126428275854
Time:,0.02,x:   ,0.03803619908179924,0.4196114060192079,-0.9435299734841153,0.017872478502355495
Time:,0.03,x:   ,0.0146461984179941,0.4940539199326914,-0.9208708908999534,-0.007231237283077212
Time:,0.04,x:   ,-0.005616375600587548,0.553891773307374,-0.9010144126625745,-0.025307729535021126
Time:,0.05,x:   ,-0.023652472933427746,0.6033377624668258,-0.8834985467990724,-0.03821974513094343
Time:,0.06,x:   ,-0.040074322142431756,0.6452746746167957,-0.8679937609934847,-0.047298692795915115
Time:,0.07,x:   ,-0.05530583486104413,0.6817095090618964,-0.8542623049526732,-0.053500500195966354
Time:,0.08,x:   ,-0.0696475782161507,0.7140693238806423,-0.842129558474422,-0.05752012068043173
Time:,0.09,x:   ,-0.08331777272888759,0.7433894754680709,-0.8314648789864554,-0.059869916407510534
Time:,0.1,x:   ,-0.0964783908333059,0.7704345839574537,-0.8221688581300889,-0.06093264833815627
Time:,0.11,x:   ,-0.10925210912900803,0.7957779019399362,-0.8141647400807058,-0.060997582611206455
Time:,0.12,x:   ,-0.12173358010280565,0.819854634543299,-0.8073925389469278,-0.0602854700396614
Time:,0.13,x:   ,-0.1339971038197698,0.8429986004730583,-0.8018049287257017,-0.05896612968550839
Time:,0.14,x:   ,-0.1461019655384317,0.8654679863633813,-0.7973643180829871,-0.057171040519809785
Time:,0.15,x:   ,-0.1580962250865206,0.8874637921723844,-0.7940407323711565,-0.05500250390627455
Time:,0.16,x:   ,-0.17001945666897475,0.9091432693984224,-0.7918102560802908,-0.05254040808404232
Time:,0.17,x:   ,-0.18190476265609323,0.9306298585963503,-0.790653871351288,-0.04984728695322636
Time:,0.18,x:   ,-0.1937802758335145,0.9520206339273344,-0.7905565809989137,-0.04697214631769729
Time:,0.19,x:   ,-0.20567029521602437,0.9733919428178208,-0.7915067389541635,-0.04395338663857967
Time:,0.2,x:   ,-0.2175961554723729,0.994803719544237,-0.7934955339325591,-0.040821054938470144
Time:,0.21,x:   ,-0.22957690016523016,1.0163028117773882,-0.796516587622182,-0.03759859286617623
Time:,0.22,x:   ,-0.24162980886883348,1.0379255639530198,-0.8005656393401791,-0.03430420250545825
Time:,0.23,x:   ,-0.25377081439087096,1.0596998353808378,-0.8056402965549835,-0.030951919569034137
Time:,0.24,x:   ,-0.2660148366624996,1.081646584537589,-0.8117398359561253,-0.02755246082533412
Time:,0.25,x:   ,-0.2783760530079817,1.103781117754205,-0.8188650435538966,-0.024113896117985225
Time:,0.26,x:   ,-0.2908681195764537,1.1261140764054536,-0.8270180850575218,-0.02064218326397417
Time:,0.27,x:   ,-0.3035043551261708,1.148652219013853,-0.8362023998158704,-0.017141595175753494
Time:,0.28,x:   ,-0.3162978957017693,1.1713990415397872,-0.8464226131161111,-0.013615061866424853
Time:,0.29,x:   ,-0.3292618267683179,1.194355269276027,-0.8576844627664761,-0.010064444953590533
Time:,0.3,x:   ,-0.34240929787549407,1.2175192463103859,-0.8699947367402197,-0.0064907584445430214
Time:,0.31,x:   ,-0.3557536237898328,1.2408872428375997,-0.8833612193005569,-0.00289434665434986
Time:,0.32,x:   ,-0.36930837515903847,1.2644536962411614,-0.8977926435123913,0.0007249721443086201
Time:,0.33,x:   ,-0.3830874610921752,1.2882113985017913,-0.9132986484134319,0.004367789478352806
Time:,0.34,x:   ,-0.39710520550361655,1.3121516398826338,-0.9298897393923233,0.008035012320675045
Time:,0.35000000000000003,x:   ,-0.4113764186402063,1.3362643168154267,-0.9475772505249453,0.011727786146676062
Time:,0.36,x:   ,-0.425916464862541,1.3605380103348947,-0.9663733077671414,0.015447431724100628
Time:,0.37,x:   ,-0.4407413274616435,1.384960040181389,-0.9862907920040376,0.019195392575908944
Time:,0.38,x:   ,-0.4558676710453403,1.4095164987392943,-1.00734330102121,0.02297319052615743
Time:,0.39,x:   ,-0.47131290181175634,1.4341922682439188,-1.0295451094974726,0.026782387092925138
Time:,0.4,x:   ,-0.48709522583050735,1.4589710241288318,-1.052911126127669,0.030624548753750782
Time:,0.41000000000000003,x:   ,-0.5032337052674454,1.48383522696538,-1.0774568469699506,0.03450121429647339
Time:,0.42,x:   ,-0.5197483123098299,1.5087661051405055,-1.103198304078135,0.038413862596861345
Time:,0.43,x:   ,-0.5366599803704816,1.5337436302077647,-1.1301520084276744,0.042363879246518917
Time:,0.44,x:   ,-0.5539906519678843,1.5587464867136784,-1.1583348860748344,0.04635252050114737
Time:,0.45,x:   ,-0.5717633224914099,1.5837520382343122,-1.1877642064038774,0.05038087304019913
Time:,0.46,x:   ,-0.5900020788649979,1.6087362913445584,-1.2184575012171766,0.05444980803377914
Time:,0.47000000000000003,x:   ,-0.6087321319179426,1.633673859275519,-1.2504324733089989,0.05855992801087444
Time:,0.48,x:   ,-0.6279798410584195,1.6585379270848906,-1.283706893036134,0.06271150502466653
Time:,0.49,x:   ,-0.6477727296259278,1.6833002202626266,-1.318298481258796,0.06690440862662303
Time:,0.5,x:   ,-0.6681394890765314,1.7079309788101702,-1.3542247768750453,0.07113802220310349
Time:,0.51,x:   ,-0.6891099699352168,1.73239893895613,-1.391502987013874,0.07541114630926249
Time:,0.52,x:   ,-0.7107151572406842,1.7566713247929124,-1.4301498177896266,0.07972188776902397
Time:,0.53,x:   ,-0.73298712801993,1.780713852224513,-1.4701812833585746,0.08406753351150141
Time:,0.54,x:   ,-0.7559589881764134,1.8044907476904706,-1.5116124908638975,0.08844440839833174
Time:,0.55,x:   ,-0.7796647860730119,1.8279647841581586,-1.5544573987169965,0.09284771667723199
Time:,0.56,x:   ,-0.8041394000592468,1.8510973368365562,-1.5987285455524323,0.09727136718713651
Time:,0.5700000000000001,x:   ,-0.8294183972546094,1.8738484609394437,-1.644436747125363,0.10170778304863977
Time:,0.58,x:   ,-0.8555378610825448,1.8961769935936796,-1.6915907584120127,0.10614769730398665
Time:,0.59,x:   ,-0.8825341853814378,1.9180406816279703,-1.7401968982468268,0.11057993681982582
Time:,0.6,x:   ,-0.9104438334298769,1.9393963364696192,-1.7902586340095388,0.11499119771967305
Time:,0.61,x:   ,-0.9393030609431351,1.9602000167042544,-1.8417761241895232,0.11936581664531942
Time:,0.62,x:   ,-0.9691476030528635,1.9804072380045092,-1.8947457171340836,0.12368554321632466
Time:,0.63,x:   ,-1.0000123264925898,1.999973209103641,-1.9491594049632255,0.12792932010703298
Time:,0.64,x:   ,-1.031930849686784,2.0188530912854756,-2.0050042325363537,0.13207307811738933
Time:,0.65,x:   ,-1.0649351351733163,2.0370022775037953,-2.0622616625123737,0.1360895543882682
Time:,0.66,x:   ,-1.0990550607470464,2.0543766857722123,-2.120906898972034,0.13994814240404413
Time:,0.67,x:   ,-1.13431797783484,2.070933059942826,-2.1809081737753293,0.1436147825308729
Time:,0.68,x:   ,-1.1707482678017123,2.086629269508982,-2.242226001794539,0.1470519014615975
Time:,0.6900000000000001,x:   ,-1.2083669090053644,2.1014245987441607,-2.3048124133581096,0.15021840800135539
Time:,0.7000000000000001,x:   ,-1.2471910692820818,2.115280014474195,-2.368610174596038,0.15306975109358906
Time:,0.71,x:   ,-1.287233739944984,2.1281584012456025,-2.433552008794157,0.15555804387125963
Time:,0.72,x:   ,-1.3285034280679102,2.140024752781743,-2.49955983420861,0.15763225491022367
Time:,0.73,x:   ,-1.3710039235771303,2.150846309584937,-2.566544035896386,0.15923846492849553
Time:,0.74,x:   ,-1.4147341562722395,2.1605926344849173,-2.6344027907925183,0.16032018416320812
Time:,0.75,x:   ,-1.4596881552084624,2.1692356209227244,-2.703021466309242,0.16081872287817742
Time:,0.76,x:   ,-1.5058551188603158,2.176749432765877,-2.7722721129584125,0.16067360525661514
Time:,0.77,x:   ,-1.5532195992478948,2.1831103793232716,-2.8420130707558555,0.1598230156572311
Time:,0.78,x:   ,-1.6017617969813676,2.188296734681333,-2.9120887073731927,0.1582042661442426
Time:,0.79,x:   ,-1.6514579573364048,2.1922885161089685,-2.982329303174276,0.15575427552736815
Time:,0.8,x:   ,-1.7022808504755549,2.1950672415821693,-3.052551094543219,0.15241005291522533
Time:,0.81,x:   ,-1.754200312273294,2.196615690928856,-3.12255648254126,0.14810918289381433
Time:,0.8200000000000001,x:   ,-1.8071838163435172,2.196917698187471,-3.192134409304287,0.14279031465244651
Time:,0.8300000000000001,x:   ,-1.8611970431624,2.1959580040909685,-3.261060900194202,0.1363936633500703
Time:,0.84,x:   ,-1.9162044088340482,2.193722196839346,-3.32909976608573,0.12886153834430014
Time:,0.85,x:   ,-1.9721695141111764,2.1901967663549953,-3.3960034578522658,0.12013891917617457
Time:,0.86,x:   ,-2.02905547368275,2.1853692919944,-3.4615140646030684,0.11017410600605404
Time:,0.87,x:   ,-2.086825086345581,2.179228776270139,-3.525364448898349,0.0989194761212894
Time:,0.88,x:   ,-2.1454408084055587,2.1717661276148554,-3.5872795162311597,0.08633238173326448
Time:,0.89,x:   ,-2.204864495589444,2.162974783708739,-3.6469776224800365,0.07237622598008617
Time:,0.9,x:   ,-2.2650568832506015,2.1528514535447236,-3.7041721314642,0.05702175306459977
Time:,0.91,x:   ,-2.325976781446415,2.1413969414836713,-3.7585731444575172,0.04024858368584411
Time:,0.92,x:   ,-2.3875799716713835,2.1286170005765057,-3.80988943337012,0.02204701689674441
Time:,0.93,x:   ,-2.4498178071002283,2.114523146390034,-3.8578306176027817,0.002420102442551149
Time:,0.9400000000000001,x:   ,-2.5126355397073787,2.0991333481611303,-3.902109629095551,-0.018614038417065045
Time:,0.9500000000000001,x:   ,-2.5759704268785844,2.082472503908945,-3.942445508140607,-0.041019702197184246
Time:,0.96,x:   ,-2.639749707482106,2.0645726036645207,-3.978566561198211,-0.06474100875158768
Time:,0.97,x:   ,-2.7038885813832048,2.0454724943454745,-4.010213888592101,-0.08969938595952835
Time:,0.98,x:   ,-2.7682883728734202,2.0252171849155354,-4.037145252942266,-0.11579135676171712
Time:,0.99,x:   ,-2.8328350997960112,2.0038566736286123,-4.059139208928593,-0.14288690585357744
Time:,1.0,x:   ,-2.897398695258886,1.981444339258915,-4.075999354963572,-0.1708287365987512
Time:,1.01,x:   ,-2.9618331248189897,1.9580350090579546,-4.087558504882603,-0.19943272402027046
Time:,1.02,x:   ,-3.0259775973232483,1.9336828857949981,-4.0936825237985435,-0.2284898117165757
Time:,1.03,x:   ,-3.0896589766309357,1.9084395682961008,-4.09427353997987,-0.25776948207173245
Time:,1.04,x:   ,-3.15269536934378,1.8823524176242175,-4.08927224644959,-0.2870247575953749
Time:,1.05,x:   ,-3.2149007086763293,1.855463493020251,-4.078659049826649,-0.31599849174030775
Time:,1.06,x:   ,-3.2760900060200138,1.8278092074300667,-4.062453909416666,-0.34443051963139537
Time:,1.07,x:   ,-3.3360848327775887,1.799420744700494,-4.040714826460342,-0.3720651063835842
Time:,1.08,x:   ,-3.394718552389287,1.7703251628974361,-4.013535072958112,-0.3986580864099695
Time:,1.09,x:   ,-3.451840857080571,1.7405470077080487,-3.981039368711256,-0.42398314225758615
Time:,1.1,x:   ,-3.507321266947936,1.710110198096486,-3.9433793033424096,-0.44783681059178543
Time:,1.11,x:   ,-3.5610513953528877,1.6790399327947394,-3.900728343910461,-0.4700419901978605
Time:,1.12,x:   ,-3.612945941457632,1.647364396748016,-3.853276765635982,-0.4904499192030817
Time:,1.1300000000000001,x:   ,-3.6629425080850164,1.6151161071438593,-3.801226800361495,-0.5089407494624586
Time:,1.1400000000000001,x:   ,-3.711000441127449,1.582332811101129,-3.74478822826377,-0.5254229537195353
Time:,1.1500000000000001,x:   ,-3.7570989385028084,1.5490579154377764,-3.6841745585159713,-0.5398318512337479
Time:,1.16,x:   ,-3.801234686161276,1.51534048265214,-3.6195998676230237,-0.552127538615264
Time:,1.17,x:   ,-3.8434192565382532,1.4812348620838225,-3.5512762993784133,-0.5622924799097017
Time:,1.18,x:   ,-3.883676463872925,1.446800041924939,-3.4794121824449498,-0.5703289596810184
Time:,1.19,x:   ,-3.92203982244646,1.4120988100365064,-3.404210691084056,-0.5762565481928195
Time:,1.2,x:   ,-3.958550206514305,1.3771968041059075,-3.3258689595071704,-0.5801096776157038
Time:,1.21,x:   ,-3.9932537696419113,1.3421615189570482,-3.2445775573161084,-0.5819353870710458
Time:,1.22,x:   ,-4.026200148582078,1.3070613242079872,-3.16052023885584,-0.5817912635999092
Time:,1.23,x:   ,-4.057440953020267,1.2719645312363332,-3.0738738897005025,-0.5797435851242868
Time:,1.24,x:   ,-4.0870285265397825,1.2369385358390754,-2.9848086062792176,-0.5758656584447301
Time:,1.25,x:   ,-4.115014954563404,1.202049052600938,-2.8934878579091583,-0.5702363383049777
Time:,1.26,x:   ,-4.141451290251769,1.1673594488776955,-2.8000686929937038,-0.5629387106961886
Time:,1.27,x:   ,-4.166386967965091,1.1329301802582927,-2.7047019621528583,-0.5540589233458628
Time:,1.28,x:   ,-4.189869374758337,1.0988183250774348,-2.6075325402628287,-0.5436851475930172
Time:,1.29,x:   ,-4.211943552588874,1.0650772126711512,-2.5086995367382308,-0.5319066577938772
Time:,1.3,x:   ,-4.232652006826221,1.0317561382904072,-2.408336489004243,-0.5188130165182415
Time:,1.31,x:   ,-4.252034599826951,0.9989001566473008,-2.306571538177455,-0.504493355786833
Time:,1.32,x:   ,-4.270128511491722,0.966549945749649,-2.2035275887423915,-0.48903574631521735
Time:,1.33,x:   ,-4.2869682516875,0.9347417328121499,-2.0993224557208827,-0.47252664811865847
Time:,1.34,x:   ,-4.302585712106285,0.9035072744808916,-1.9940690037148203,-0.4550504369011097
Time:,1.35,x:   ,-4.317010247503604,0.8728738842648632,-1.8878752824663585,-0.4366890014370143
Time:,1.36,x:   ,-4.330268778309195,0.8428645008451408,-1.7808446634007138,-0.4175214077048281
Time:,1.37,x:   ,-4.3423859083404635,0.8134977917560761,-1.6730759811429978,-0.39762362589450717
Time:,1.3800000000000001,x:   ,-4.353384052798243,0.7847882877413964,-1.5646636833505565,-0.37706831663022317
Time:,1.3900000000000001,x:   ,-4.363283572910063,0.7567465438307706,-1.4556979914684243,-0.3559246728589793
Time:,1.4000000000000001,x:   ,-4.372102914536176,0.7293793238194948,-1.3462650742667737,-0.3342583138827088
Time:,1.41,x:   ,-4.379858748795762,0.7026898053382071,-1.2364472353047422,-0.3121312279770003
Time:,1.42,x:   ,-4.386566113332458,0.6766778030570515,-1.1263231148169783,-0.28960175996118764
Time:,1.43,x:   ,-4.392238553246548,0.6513400077794076,-1.0159679059562523,-0.2667246399777932
Time:,1.44,x:   ,-4.396888261002369,0.6266702392572938,-0.9054535848551428,-0.2435510496195437
Time:,1.45,x:   ,-4.400526214799359,0.6026597105282209,-0.7948491535915687,-0.22012872142503853
Time:,1.46,x:   ,-4.403162314998273,0.5792973014641828,-0.6842208948502324,-0.19650206766542339
Time:,1.47,x:   ,-4.404805518243092,0.5565698390743476,-0.5736326368545741,-0.17271233427915914
Time:,1.48,x:   ,-4.405463968934133,0.5344623819504808,-0.46314602698924723,-0.14879777579321055
Time:,1.49,x:   ,-4.405145127705778,0.5129585061206323,-0.35282081242852487,-0.1247938471064278
Time:,1.5,x:   ,-4.403855896556089,0.49204058950720875,-0.2427151260191393,-0.1007334081098583
Time:,1.51,x:   ,-4.401602740274655,0.47169009218588226,-0.1328857756259158,-0.0766469372795491
Time:,1.52,x:   ,-4.3983918038245085,0.451887829717533,-0.023388535126119263,-0.05256275059548621
Time:,1.53,x:   ,-4.39422902535592,0.43261423697302476,0.08572156477336626,-0.028507222406800484
Time:,1.54,x:   ,-4.389120244563398,0.413849620079076,0.1943899477281222,-0.0045050051662254426
Time:,1.55,x:   ,-4.383071306139588,0.39557439436693054,0.3025622067935722,0.019420754717736088
Time:,1.56,x:   ,-4.376088158127206,0.3777693064858538,0.4101838251471333,0.04324820732840688
Time:,1.57,x:   ,-4.368176945018478,0.36041563913294766,0.5171999043382483,0.06695659807601498
Time:,1.58,x:   ,-4.3593440954970735,0.3434953971340745,0.6235549019129966,0.09052607669334356
Time:,1.59,x:   ,-4.349596404757176,0.3269914738762724,0.7291923802627251,0.1139375178734728
Time:,1.6,x:   ,-4.338941111366137,0.3108877973328919,0.8340547685468127,0.13717235476750225
Time:,1.61,x:   ,-4.327385968660187,0.2951694551361963,0.9380831395367674,0.1602124263262709
Time:,1.62,x:   ,-4.314939310676962,0.2798227983397146,1.0412170032206334,0.18303983926514467
Time:,1.6300000000000001,x:   ,-4.301610112635024,0.2648355236786203,1.1433941189912256,0.20563684525197828
Time:,1.6400000000000001,x:   ,-4.287408045970541,0.2501967342872143,1.2445503282169585,0.2279857337609903
Time:,1.6500000000000001,x:   ,-4.272343527936547,0.2358969789754223,1.3446194089577312,0.2500687408943672
Time:,1.6600000000000001,x:   ,-4.25642776576263,0.2219282703081245,1.443532954538107,0.2718679743436364
Time:,1.67,x:   ,-4.239672795364227,0.2082840818781267,1.5412202776233939,0.2933653545393173
Time:,1.68,x:   ,-4.222091514582534,0.19495932532006321,1.6376083413586628,0.3145425719159503
Time:,1.69,x:   ,-4.203697710929618,0.18195030778091975,1.7326217190237596,0.3353810600972441
Time:,1.7,x:   ,-4.184506083809781,0.16925467074355655,1.826182583526642,0.35586198468084673
Time:,1.71,x:   ,-4.1645322611882,0.1568713112910463,1.9182107279008855,0.3759662471733802
Time:,1.72,x:   ,-4.143792810682141,0.14480028709862802,2.008623617789356,0.39567450349415145
Time:,1.73,x:   ,-4.122305245058972,0.13304270664221937,2.0973364766838483,0.4149671963315092
Time:,1.74,x:   ,-4.100088022139355,0.12160060631257004,2.184262404449679,0.4338246005009237
Time:,1.75,x:   ,-4.077160539123855,0.11047681631681892,2.2693125293954353,0.4522268803207185
Time:,1.76,x:   ,-4.05354312138729,0.0996748174290648,2.3523961938528544,0.4701541578923542
Time:,1.77,x:   ,-4.029257005818026,0.08919859081355283,2.4334211729128414,0.48758659104968377
Time:,1.78,x:   ,-4.004324318819626,0.07905246328370083,2.5122939256244994,0.5045044596280259
Time:,1.79,x:   ,-3.978768049140071,0.06924095047343554,2.5889198776094973,0.5208882586014977
Time:,1.8,x:   ,-3.9526120157492683,0.05976860048058856,2.663203733679674,0.5367187965479876
Time:,1.81,x:   ,-3.9258808310483517,0.050639840592065326,2.7350498186778136,0.551977297827585
Time:,1.82,x:   ,-3.898599859763268,0.041858829713844393,2.8043624443969133,0.5666455068044151
Time:,1.83,x:   ,-3.870795173948735,0.03342931910217495,2.8710463000792013,0.580705792405961
Time:,1.84,x:   ,-3.8424935046042816,0.02535452392201329,2.93500686365982,0.5941412513005283
Time:,1.85,x:   ,-3.8137221904785474,0.017637008041059367,2.9961508306085127,0.6069358079850607
Time:,1.86,x:   ,-3.7845091247074443,0.010278584299091982,3.0543865569422577,0.6190743101145783
Time:,1.87,x:   ,-3.7548826999917613,0.0032802322695022874,3.1096245127383053,0.6305426174734178
Time:,1.8800000000000001,x:   ,-3.7248717530657696,-0.0033579647491902803,3.161777742275284,0.641327683089143
Time:,1.8900000000000001,x:   ,-3.694505509235859,-0.00963686211010099,3.210762326773631,0.6514176251236468
Time:,1.9000000000000001,x:   ,-3.663813527773198,-0.015558274552692219,3.256497845598139,0.6608017883428187
Time:,1.9100000000000001,x:   ,-3.6328256489237067,-0.02112497472758164,3.2989078317263405,0.6694707941651036
Time:,1.92,x:   ,-3.601571943250295,-0.02634066942969991,3.337920217277141,0.6774165785177757
Time:,1.93,x:   ,-3.5700826639458265,-0.031209953977017042,3.373467764934031,0.6846324169835953
Time:,1.94,x:   ,-3.538388202651876,-0.03573824570985022,3.4054884811850434,0.6911129369938728
Time:,1.95,x:   ,-3.5065190491908194,-0.03993169812547377,3.433926007435527,0.6968541171094912
Time:,1.96,x:   ,-3.474505755471808,-0.04379709768527574,3.4587299852274924,0.7018532737205028
Time:,1.97,x:   ,-3.442378903670595,-0.04734174581670807,3.479856392018272,0.7061090357780158
Time:,1.98,x:   ,-3.410169078616109,-0.050573329059371036,3.497267844228937,0.7096213084393047
Time:,1.99,x:   ,-3.377906844150834,-0.0534997806545838,3.510933864566618,0.7123912267486089
Time:,2.0,x:   ,-3.3456227230752456,-0.056129137134090915,3.520831110951972,0.7144211006828651
Time:,2.0100000000000002,x:   ,-3.313347180146309,-0.05846939361321824,3.526943564740686,0.7157143530558345
Time:,2.02,x:   ,-3.2811106074829177,-0.06052836152860106,3.5292626763132513,0.7162754518896878
Time:,2.0300000000000002,x:   ,-3.248943311642475,-0.06231353247771129,3.5277874665170774,0.716109838926221
Time:,2.04,x:   ,-3.2168755015762027,-0.06383195161962066,3.522524582875839,0.715223855959003
Time:,2.05,x:   ,-3.18493727664818,-0.06509010379213004,3.5134883099287273,0.713624670623947
Time:,2.06,x:   ,-3.1531586139144325,-0.06609381510299875,3.5007005335225316,0.7113202031925231
Time:,2.07,x:   ,-3.1215693539019402,-0.0668481722801695,3.484190659347056,0.7083190557747551
Time:,2.08,x:   ,-3.090199184199842,-0.06735746153832539,3.4639954864736806,0.7046304451658065
Time:,2.09,x:   ,-3.059077620271775,-0.06762512815932466,3.440159037121749,0.7002641403691906
Time:,2.1,x:   ,-3.028233983013786,-0.06765375741493165,3.4127323443314217,0.6952304056110838
Time:,2.11,x:   ,-2.9976973727106206,-0.0674450769037315,3.3817731996579945,0.6895399494337123
Time:,2.12,x:   ,-2.9674966391783992,-0.06699997984998132,3.34734586341468,0.6832038802307395
Time:,2.13,x:   ,-2.937660348018056,-0.06631856843708399,3.309520740371971,0.6762336683725728
Time:,2.14,x:   ,-2.9082167430362134,-0.06540021583523001,3.2683740241657957,0.6686411148717213
Time:,2.15,x:   ,-2.879193705014109,-0.06424364524019854,3.2239873139681303,0.6604383263633892
Time:,2.16,x:   ,-2.8506187071173033,-0.06284702397272332,3.176447207227749,0.6516376960281662
Time:,2.17,x:   ,-2.822518767336789,-0.06120807049555036,3.1258448724914905,0.6422518899639782
Time:,2.18,x:   ,-2.794920398434318,-0.059324172085075046,3.072275606464827,0.6322938384236496
Time:,2.19,x:   ,-2.7678495559306433,-0.057192510840037465,3.015838379562917,0.6217767312712583
Time:,2.2,x:   ,-2.741331584725139,-0.05481019571278123,2.9566353742389238,0.6107140169724791
Time:,2.21,x:   ,-2.71539116496959,-0.052174398299266615,2.8947715203556834,0.5991194044179723
Time:,2.22,x:   ,-2.6900522578389943,-0.04928249021203369,2.8303540317912357,0.58700686688073
Time:,2.23,x:   ,-2.6653380518493734,-0.04613217997545482,2.7634919483407954,0.574390647424147
Time:,2.24,x:   ,-2.641270910368212,-0.04272164751550971,2.6942956868008423,0.5612852651036173
Time:,2.25,x:   ,-2.6178723209487407,-0.039049674458871704,2.622876604899317,0.547705521337284
Time:,2.2600000000000002,x:   ,-2.595162847095989,-0.03511576860186604,2.54934658147427,0.5336665058584886
Time:,2.27,x:   ,-2.5731620830414217,-0.030920281054247566,2.473817616007132,0.5191836017015432
Time:,2.2800000000000002,x:   ,-2.5518886120648445,-0.026464514703060313,2.396401450291819,0.5042724887126215
Time:,2.29,x:   ,-2.531359968857602,-0.02175082277721999,2.317209214673187,0.48894914511861093
Time:,2.3000000000000003,x:   ,-2.5115926063702587,-0.016782696424674913,2.236351100924091,0.4732298467292156
Time:,2.31,x:   ,-2.4926018675310915,-0.011564840343171862,2.1539360634556246,0.4571311633926116
Time:,2.32,x:   ,-2.4744019621588813,-0.006103235635862217,2.070071550176057,0.4406699523741077
Time:,2.33,x:   ,-2.457005949324755,-0.0004051891978544284,1.9848632639363544,0.42386334838235523
Time:,2.34,x:   ,-2.4404257253433244,0.0055206309169609285,1.8984149551294636,0.40672875003042475
Time:,2.35,x:   ,-2.424672017493419,0.011664174544645337,1.810828245651806,0.38928380259096645
Time:,2.36,x:   ,-2.4097543834839064,0.018014003102472923,1.7222024840933108,0.37154637698661513
Time:,2.37,x:   ,-2.395681216591386,0.024557297965690936,1.6326346317008713,0.35353454504893655
Time:,2.38,x:   ,-2.3824597563052023,0.031279883374137195,1.5422191783628452,0.3352665511807823
Time:,2.39,x:   ,-2.370096104223059,0.03816626350217207,1.451048087592056,0.3167607806661502
Time:,2.4,x:   ,-2.358595244849581,0.04519967310643144,1.3592107692439308,0.2980357249857428
Time:,2.41,x:   ,-2.347961070863013,0.052362140944928776,1.266794078496591,0.2791099446116302
Time:,2.42,x:   ,-2.3381964123345287,0.059634564945564024,1.1738823394418205,0.2600020298662414
Time:,2.43,x:   ,-2.3293030693132186,0.06699679790073851,1.0805573914902058,0.2407305605343014
Time:,2.44,x:   ,-2.321281847130507,0.0744277422866058,0.986898656680007,0.22131406500607653
Time:,2.45,x:   ,-2.3141325937330626,0.08190545265938827,0.8929832258964785,0.20177097980136585
Time:,2.46,x:   ,-2.3078542383253584,0.08940724397512256,0.7988859619548541,0.1821196103716056
Time:,2.47,x:   ,-2.302444830593475,0.09690980411953633,0.7046796174738702,0.16237809409869006
Time:,2.48,x:   ,-2.297901579791382,0.1043893089257247,0.6104349654649454,0.14256436640129908
Time:,2.49,x:   ,-2.2942208929998507,0.1118215380005559,0.5162209405819498,0.12269613082170192
Time:,2.5,x:   ,-2.291398411915624,0.11918198977522758,0.4221047890146468,0.10279083389867998
Time:,2.5100000000000002,x:   ,-2.289429047592991,0.1264459943373736,0.3281522250619786,0.08286564553729804
Time:,2.52,x:   ,-2.288307012639345,0.13358882278543482,0.2344275924860018,0.0629374454669298
Time:,2.5300000000000002,x:   ,-2.288025850457921,0.14058579206256608,0.14099402882022333,0.04302281623937458
Time:,2.54,x:   ,-2.2885784612317326,0.14741236446772632,0.047913630884347115,0.023138043063926615
Time:,2.5500000000000003,x:   ,-2.2899571244495234,0.15404424129568853,-0.044752380161569585,0.003299120611034206
Time:,2.56,x:   ,-2.292153517884184,0.16045745031540423,-0.13694349580897194,-0.016478233254154866
Time:,2.57,x:   ,-2.2951587330435625,0.16662842704794997,-0.22859976074352037,-0.03617855701771383
Time:,2.58,x:   ,-2.2989632872202246,0.17253409004271675,-0.31966161836497714,-0.05578661871837756
Time:,2.59,x:   ,-2.303557132368238,0.17815191056652052,-0.4100697626345906,-0.07528738333976306
Time:,2.6,x:   ,-2.3089296611294867,0.18345997730940752,-0.49976499752681447,-0.09466597507754748
Time:,2.61,x:   ,-2.31506971041796,0.18843705686914614,-0.5886881052907308,-0.11390763530235277
Time:,2.62,x:   ,-2.321965563046617,0.19306265090121244,-0.6767797246562276,-0.13299767716188243
Time:,2.63,x:   ,-2.329604947946998,0.19731705091114823,-0.7639802400496701,-0.15192143787392146
Time:,2.64,x:   ,-2.337975039585866,0.20118139172105182,-0.8502296828121715,-0.1706642298544746
Time:,2.65,x:   ,-2.347062457225204,0.20463770466177741,-0.9354676453392345,-0.18921129190198324
Time:,2.66,x:   ,-2.356853264701055,0.2076689715275602,-1.0196332089821503,-0.20754774171851822
Time:,2.67,x:   ,-2.367332971412143,0.2102591802806435,-1.1026648864679147,-0.22565853109109316
Time:,2.68,x:   ,-2.3784865352099906,0.212393383410276,-1.1845005795046066,-0.24352840507936274
Time:,2.69,x:   ,-2.3902983678670746,0.21405775973310034,-1.26507755214254,-0.2611418665580575
Time:,2.7,x:   ,-2.4027523437672493,0.2152396802701343,-1.344332420357822,-0.27848314744115577
Time:,2.71,x:   ,-2.4158318124117613,0.21592777864875953,-1.4222011582144278,-0.2955361878671646
Time:,2.72,x:   ,-2.4295196152633816,0.21611202625597653,-1.4986191208441721,-0.31228462454784084
Time:,2.73,x:   ,-2.443798107359416,0.21578381211166725,-1.5735210843621508,-0.3287117893730278
Time:,2.74,x:   ,-2.458649184010904,0.21493602713858978,-1.6468413027097835,-0.34480071921902666
Time:,2.75,x:   ,-2.474054312770152,0.21356315218152025,-1.7185135812903714,-0.3605341777246704
Time:,2.7600000000000002,x:   ,-2.489994570692711,0.2116613487754471,-1.7884713671350796,-0.3758946895766397
Time:,2.77,x:   ,-2.5064506867449685,0.20922855128851608,-1.8566478552125827,-0.39086458758363235
Time:,2.7800000000000002,x:   ,-2.5234030890179824,0.20626455867890603,-1.9229761103752525,-0.40542607251976887
Time:,2.79,x:   ,-2.5408319562068455,0.2027711237185772,-1.987389204320485,-0.41956128538542975
Time:,2.8000000000000003,x:   ,-2.5587172726091296,0.19875203716681897,-2.0498203668388473,-0.4332523913755829
Time:,2.81,x:   ,-2.5770388856936894,0.19421320404185438,-2.1102031505219148,-0.4464816744714508
Time:,2.82,x:   ,-2.595776565101618,0.1891627088612385,-2.1684716080120237,-0.4592316411938118
Time:,2.83,x:   ,-2.614910061774631,0.18361086652497688,-2.224560480793023,-0.4714851316906635
Time:,2.84,x:   ,-2.634419165773436,0.1775702554231676,-2.278405398444144,-0.48322543599577417
Time:,2.85,x:   ,-2.6542837612602184,0.171055729385173,-2.32994308720648,-0.49443641300640007
Time:,2.86,x:   ,-2.6744838770848665,0.16408440526910165,-2.3791115866410895,-0.5051026095067978
Time:,2.87,x:   ,-2.6949997314417256,0.1566756233323401,-2.425850473087246,-0.515209376426472
Time:,2.88,x:   ,-2.715811769157529,0.14885087803181157,-2.4701010885569934,-0.5247429794829168
Time:,2.89,x:   ,-2.7369006903333606,0.14063371757264984,-2.5118067736267893,-0.5336907014282045
Time:,2.9,x:   ,-2.7582474692916263,0.13204961134115495,-2.5509131028084395,-0.5420409333017928
Time:,2.91,x:   ,-2.7798333630664507,0.1231257852958817,-2.58736812080082,-0.5497832523864269
Time:,2.92,x:   ,-2.801639909011741,0.11389102641228585,-2.621122577943418,-0.556908484960982
Time:,2.93,x:   ,-2.8236489114709586,0.10437545833517152,-2.6521301631160954,-0.5634087524275887
Time:,2.94,x:   ,-2.8458424178389268,0.09461029143659373,-2.6803477322613283,-0.5692774999383172
Time:,2.95,x:   ,-2.8682026847298125,0.08462755144962437,-2.7057355306507316,-0.5745095072322791
Time:,2.96,x:   ,-2.890712135327322,0.07445979169687214,-2.728257406982286,-0.5791008819876787
Time:,2.97,x:   ,-2.9133533093149913,0.06413979460920076,-2.747881017383361,-0.5830490365649993
Time:,2.98,x:   ,-2.936108807050445,0.05370026869692502,-2.764578017411372,-0.5863526495388078
Time:,2.99,x:   ,-2.958961229845485,0.043173547367987244,-2.778324240191463,-0.5890116138621325
Time:,3.0,x:   ,-2.981893118336084,0.032591295975044156,-2.789099858910143,-0.591026973860078
Time:,3.0100000000000002,x:   ,-3.0048868909696655,0.02198423322094855,-2.796889531994778,-0.5924008534959884
Time:,3.02,x:   ,-3.0279247846029786,0.011381872578808652,-2.8016825294492103,-0.5931363784888007
Time:,3.0300000000000002,x:   ,-3.050988799098095,0.0008122887195288176,-2.803472838982178,-0.5932375948857563
Time:,3.04,x:   ,-3.074060647635634,-0.00969808687390051,-2.80225925075344,-0.5927093866178916
Time:,3.0500000000000003,x:   ,-3.0971217142447243,-0.02012463784532602,-2.7980454197677695,-0.5915573943989506
Time:,3.06,x:   ,-3.1201530197913723,-0.030444700176063128,-2.7908399051645785,-0.589787938087139
Time:,3.0700000000000003,x:   ,-3.143135197384114,-0.04063766337905454,-2.780656185876318,-0.5874079443308797
Time:,3.08,x:   ,-3.1660484778610387,-0.050685035356386125,-2.7675126523580666,-0.5844248809822976
Time:,3.09,x:   ,-3.188872685727211,-0.06057047150887142,-2.751432574320651,-0.5808466994027959
Time:,3.1,x:   ,-3.2115872456265087,-0.07027976950965341,-2.732444044627612,-0.5766817854194757
Time:,3.11,x:   ,-3.234171199165313,-0.0798008318724023,-2.7105798997404853,-0.5719389193330089
Time:,3.12,x:   ,-3.2566032316638878,-0.08912359904694106,-2.6858776173156427,-0.5666272450382599
Time:,3.13,x:   ,-3.278861708199351,-0.09823995625557999,-2.6583791917681463,-0.5607562480075343
Time:,3.14,x:   ,-3.3009247181249157,-0.10714361764195421,-2.628130988822526,-0.5543357416096534
Time:,3.15,x:   ,-3.3227701271050902,-0.11582999154468687,-2.595183580265784,-0.5473758610009481
Time:,3.16,x:   ,-3.344375635596122,-0.1242960308376796,-2.5595915603027986,-0.5398870636298658
Time:,3.17,x:   ,-3.365718842624499,-0.1325400723061794,-2.5214133450867617,-0.5318801352468157
Time:,3.18,x:   ,-3.386777313672319,-0.1405616689630808,-2.480710957155259,-0.5233662002055381
Time:,3.19,x:   ,-3.4075286514647836,-0.14836141906388747,-2.4375497966437174,-0.5143567347810091
Time:,3.2,x:   ,-3.427950568469493,-0.15594079536223776,-2.3919984012696727,-0.5048635822101061
Time:,3.21,x:   ,-3.448020959956781,-0.16330197787170897,-2.344128197181136,-0.494898968182604
Time:,3.22,x:   ,-3.467717976531997,-0.17044769307436464,-2.294013242837903,-0.4844755155684318
Time:,3.23,x:   ,-3.4870200951312706,-0.17738106215258398,-2.2417299681438463,-0.4736062572587994
Time:,3.24,x:   ,-3.5059061875685114,-0.18410546042825174,-2.1873569110694318,-0.4623046461194521
Time:,3.25,x:   ,-3.5243555858299676,-0.190624389782279,-2.130974453995893,-0.45058456119913615
Time:,3.2600000000000002,x:   ,-3.542348143430236,-0.19694136540730658,-2.0726645619751594,-0.4384603095001062
Time:,3.27,x:   ,-3.5598642922669,-0.2030598178266338,-2.012510525033185,-0.42594662279464146
Time:,3.2800000000000002,x:   ,-3.576885094536902,-0.20898301070185052,-1.950596706549726,-0.4130586491563251
Time:,3.29,x:   ,-3.593392289403265,-0.21471397455875596,-1.887008299626597,-0.39981193906152285
Time:,3.3000000000000003,x:   ,-3.6093683342230793,-0.2202554561936989,-1.8218310932114226,-0.3862224260994229
Time:,3.31,x:   ,-3.6247964402642725,-0.22560988318743425,-1.7551512495777999,-0.3723064025028174
Time:,3.3200000000000003,x:   ,-3.6396606029472536,-0.2307793426569397,-1.6870550945790272,-0.3580804898716037
Time:,3.33,x:   ,-3.653945626746203,-0.2357655731222245,-1.617628921894857,-0.34356160560246796
Time:,3.34,x:   ,-3.6676371449719913,-0.24056996815856374,-1.5469588122830482,-0.3287669256578036
Time:,3.35,x:   ,-3.680721634733288,-0.2451935903470253,-1.4751304686338147,-0.31371384440191435
Time:,3.36,x:   ,-3.693186427433625,-0.24963719392841305,-1.4022290674095303,-0.29841993230114505
Time:,3.37,x:   ,-3.7050197152096103,-0.2539012545072235,-1.3283391268380176,-0.28290289232593757
Time:,3.38,x:   ,-3.716210553749246,-0.25798600414091977,-1.2535443920188887,-0.2671805159070408
Time:,3.39,x:   ,-3.7267488619497144,-0.26189147018256326,-1.177927736901823,-0.25127063928622145
Time:,3.4,x:   ,-3.7366254188818604,-0.265617516317298,-1.1015710829060197,-0.23519110106567054
Time:,3.41,x:   ,-3.7458318585248445,-0.26916388434018396,-1.024555333773595,-0.21895970170241583
Time:,3.42,x:   ,-3.7543606627203836,-0.2725302353585814,-0.9469603260880897,-0.20259416561754184
Time:,3.43,x:   ,-3.762205152772934,-0.27571618926046615,-0.8688647947437678,-0.1861121064983844
Time:,3.44,x:   ,-3.7693594800916674,-0.27872136146430887,-0.7903463525228148,-0.16953099626885754
Time:,3.45,x:   ,-3.7758186162336114,-0.281545396150168,-0.7114814828262093,-0.15286813809250008
Time:,3.46,x:   ,-3.7815783426664256,-0.28418799535941386,-0.6323455445099543,-0.1361406436584364
Time:,3.47,x:   ,-3.7866352405253534,-0.2866489435364868,-0.5530127877011525,-0.11936541488576279
Time:,3.48,x:   ,-3.7909866805932926,-0.2889281272653901,-0.47355637940749656,-0.1025591300701001
Time:,3.49,x:   ,-3.7946308136868403,-0.2910255501220511,-0.3940484376883189,-0.08573823438999818
Time:,3.5,x:   ,-3.7975665615856244,-0.2929413427178604,-0.314560073124456,-0.06891893459287897
Time:,3.5100000000000002,x:   ,-3.7997936085981237,-0.2946757681470354,-0.2351614363068066,-0.05211719759211677
Time:,3.52,x:   ,-3.8013123938151785,-0.2962292231691549,-0.1559217700585295,-0.03534875263004035
Time:,3.5300000000000002,x:   ,-3.802124104063084,-0.29760223555721144,-0.07690946511227942,-0.018629096596996877
Time:,3.54,x:   ,-3.802230667531928,-0.2987954581204375,0.001807882019305658,-0.0019735020446048288
Time:,3.5500000000000003,x:   ,-3.8016347480219888,-0.299809659970154,0.08016341021542306,0.014602972607977788
Time:,3.56,x:   ,-3.800339739721714,-0.30064571563661646,0.15809093516202175,0.031085471202773964
Time:,3.5700000000000003,x:   ,-3.798349762405188,-0.30130459266631754,0.23552489216807526,0.04745932684956275
Time:,3.58,x:   ,-3.795669656915108,-0.30178733833373717,0.3124002814918577,0.06371004835676737
Time:,3.59,x:   ,-3.79230498077914,-0.3020950660905784,0.3886526172297614,0.07982330662627493
Time:,3.6,x:   ,-3.78826200379313,-0.3022289423506555,0.4642178807581038,0.0957849215354547
Time:,3.61,x:   ,-3.7835477033939897,-0.30219017417140365,0.5390324796507276,0.11158084980473805
Time:,3.62,x:   ,-3.778169759638158,-0.3019799983450181,0.6130332129223989,0.12719717431662725
Time:,3.63,x:   ,-3.772136549598369,-0.30159967235502105,0.6861572433703949,0.14262009531284825
Time:,3.64,x:   ,-3.765457140992062,-0.3010504675890098,0.7583420777046033,0.15783592385144504
Time:,3.65,x:   ,-3.758141284859143,-0.3003336651268026,0.829525555070262,0.17283107785576887
Time:,3.66,x:   ,-3.7501994071150135,-0.29945055434642126,0.8996458444775423,0.1875920810333333
Time:,3.67,x:   ,-3.741642598816772,-0.29840243450951687,0.968641451558935,0.20210556488512227
Time:,3.68,x:   ,-3.7324826049962785,-0.297190619404114,1.036451234979317,0.2163582739658615
Time:,3.69,x:   ,-3.7227318119332775,-0.29581644503705673,1.1030144327251903,0.23033707449367938
Time:,3.7,x:   ,-3.712403232764818,-0.29428128028246087,1.168270698399539,0.24402896634418023
Time:,3.71,x:   ,-3.7015104913536416,-0.2925865403070345,1.2321601475476918,0.25742109839993343
Time:,3.72,x:   ,-3.690067804367656,-0.2907337025096408,1.294623413938304,0.2705007871624927
Time:,3.73,x:   ,-3.6780899615546816,-0.2887243246323619,1.3556017156228835,0.2832555384710881
Time:,3.74,x:   ,-3.665592304230782,-0.2865600646251198,1.415036930498022,0.2956730721109359
Time:,3.75,x:   ,-3.652590702036035,-0.28424270177727184,1.472871680997591,0.3077413490356061
Time:,3.7600000000000002,x:   ,-3.6391015280477306,-0.281774158569271,1.5290494274484703,0.31944860087305016
Time:,3.77,x:   ,-3.6251416323768755,-0.2791565226472724,1.5835145695338024,0.33078336133476105
Time:,3.7800000000000002,x:   ,-3.6107283144084694,-0.2763920682853024,1.636212555223171,0.34173449910317016
Time:,3.79,x:   ,-3.595879293878324,-0.27348327667503525,1.6870899964502317,0.35229125173485476
Time:,3.8000000000000003,x:   ,-3.5806126810081103,-0.27043285437397957,1.7360947907459576,0.3624432600874729
Time:,3.81,x:   ,-3.5649469459447753,-0.26724374925034927,1.7831762479703754,0.37218060275753134
Time:,3.8200000000000003,x:   ,-3.5489008877694794,-0.2639191632881546,1.8282852212280383,0.3814938300049771
Time:,3.83,x:   ,-3.532493603353874,-0.26046256165973525,1.8713742410029124,0.39037399663987954
Time:,3.84,x:   ,-3.5157444563471065,-0.256877677535208,1.9123976515071974,0.3988126933566076
Time:,3.85,x:   ,-3.4986730465748987,-0.2531685121786459,1.951311748206081,0.40680207602214263
Time:,3.86,x:   ,-3.4812991801220963,-0.24933932997813174,1.9880749154567199,0.4143348924574164
Time:,3.87,x:   ,-3.463642840352226,-0.2453946481693529,2.0226477631849007,0.4214045062934424
Time:,3.88,x:   ,-3.4457241600921336,-0.24133922113764653,2.0549932615169264,0.4280049175367882
Time:,3.89,x:   ,-3.4275633951772555,-0.2371780193182695,2.0850768722872632,0.43413077954053675
Time:,3.9,x:   ,-3.4091808995144772,-0.2329162028554862,2.112866676354329,0.4397774121459243
Time:,3.91,x:   ,-3.3905971017759255,-0.228559090323725,2.1383334956774696,0.44494081083462206
Time:,3.92,x:   ,-3.371832483789881,-0.22411212295414856,2.1614510091375374,0.4496176518102228
Time:,3.93,x:   ,-3.352907560645833,-0.21958082494296666,2.1821958611215146,0.45380529300778394
Time:,3.94,x:   ,-3.333842862481173,-0.21497076053923378,2.2005477619381435,0.4575017711100418
Time:,3.95,x:   ,-3.314658917868886,-0.21028748871550337,2.216489579186423,0.4607057947259057
Time:,3.96,x:   ,-3.2953762386804715,-0.20553651631081354,2.2300074192619133,0.46341673395888294
Time:,3.97,x:   ,-3.276015306257779,-0.2007232505989423,2.24109069825674,0.4656346066581489
Time:,3.98,x:   ,-3.2565965586928045,-0.1958529522733647,2.249732201587728,0.46736006170127475
Time:,3.99,x:   ,-3.2371403789869166,-0.19093068985243855,2.2559281317727256,0.4685943597036708
Time:,4.0,x:   ,-3.217667083841234,-0.18596129649356768,2.2596781438673217,0.46933935158448525
Time:,4.01,x:   ,-3.1981969128184895,-0.18094933016394818,2.2609853681722005,0.4695974554413115
Time:,4.0200000000000005,x:   ,-3.178750017613878,-0.17589903804945348,2.259856419924359,0.4693716321963171
Time:,4.03,x:   ,-3.1593464511778695,-0.1708143259945748,2.2563013957925215,0.4686653604744808
Time:,4.04,x:   ,-3.140006156447413,-0.1656987336581785,2.2503338571071256,0.46748261116105794
Time:,4.05,x:   ,-3.12074895446252,-0.16055541594583234,2.241970799867136,0.46582782206114093
Time:,4.0600000000000005,x:   ,-3.101594531672048,-0.15538713114367203,2.231232611678291,0.46370587305048666
Time:,4.07,x:   ,-3.0825624262643925,-0.15019623603552845,2.218143015888974,0.46112206206515116
Time:,4.08,x:   ,-3.0636720133945703,-0.1449846881386736,2.2027290032992592,0.45808208222960034
Time:,4.09,x:   ,-3.044942489217515,-0.13975405504826696,2.1850207519244695,0.4545920003706252
Time:,4.1,x:   ,-3.026392853677026,-0.1345055307403089,2.1650515353954662,0.4506582371093988
Time:,4.11,x:   ,-3.008041892039514,-0.12923995855110598,2.1428576206724976,0.4462875486681193
Time:,4.12,x:   ,-2.9899081552002946,-0.12395786043086664,2.1184781558366264,0.441487010472542
Time:,4.13,x:   ,-2.9720099388267194,-0.11865947196241489,2.0919550488013585,0.43626400257878334
Time:,4.14,x:   ,-2.954365261436059,-0.11334478254483611,2.0633328378561666,0.43062619690335446
Time:,4.15,x:   ,-2.936991841536053,-0.1080135800672288,2.0326585550123095,0.42458154619049243
Time:,4.16,x:   ,-2.9199070739819337,-0.10266549934009278,1.9999815831690084,0.4181382746112899
Time:,4.17,x:   ,-2.9031280057251663,-0.09730007351116109,1.9653535081542048,0.41130486985543385
Time:,4.18,x:   ,-2.886671311145937,-0.0919167876681182,1.928827966718448,0.4040900765488595
Time:,4.19,x:   ,-2.8705532671735208,-0.08651513382169987,1.8904604915728462,0.39650289080941176
Time:,4.2,x:   ,-2.8547897284061747,-0.08109466646789246,1.8503083545625205,0.3885525557376029
Time:,4.21,x:   ,-2.8393961024452614,-0.07565505794589603,1.8084304090558307,0.38024855763052334
Time:,4.22,x:   ,-2.8243873256572476,-0.07019615283761893,1.7648869326072287,0.3716006227035537
Time:,4.23,x:   ,-2.809777839572277,-0.06471802069312942,1.7197394709184506,0.3626187141062978
Time:,4.24,x:   ,-2.795581568119624,-0.05922100641312832,1.673050684079597,0.3533130290256195
Time:,4.25,x:   ,-2.781811895888817,-0.05370577767263091,1.624884196019236,0.3436939956792958
Time:,4.26,x:   ,-2.7684816475910154,-0.0481733688282804,1.575304448031959,0.3337722700180657
Time:,4.2700000000000005,x:   ,-2.7556030688786937,-0.04262522081382611,1.5243765571837447,0.3235587319712392
Time:,4.28,x:   ,-2.7431878086632433,-0.03706321659319357,1.4721661803211665,0.3130644810910276
Time:,4.29,x:   ,-2.7312469030501205,-0.03148971180730679,1.4187393843309513,0.3023008314728821
Time:,4.3,x:   ,-2.7197907609900005,-0.025907560318572494,1.364162523212835,0.29127930585291995
Time:,4.3100000000000005,x:   ,-2.7088291517224423,-0.020320134424984614,1.3085021224421696,0.2800116288085274
Time:,4.32,x:   ,-2.698371194066139,-0.014731339583513069,1.251824771010437,0.268509719014022
Time:,4.33,x:   ,-2.6884253475872932,-0.009145623549212847,1.1941970214428381,0.2567856805293894
Time:,4.34,x:   ,-2.6789994056553645,-0.0035679799017550753,1.135685298003475,0.24485179312614805
Time:,4.3500000000000005,x:   ,-2.6701004903737076,0.00199605400572713,1.0763558132113442,0.23272050167987743
Time:,4.36,x:   ,-2.661735049351804,0.007540404580055622,1.0162744927053313,0.22040440468341121
Time:,4.37,x:   ,-2.6539088542662315,0.013058474851003499,0.9555069084144969,0.2079162419576638
Time:,4.38,x:   ,-2.646627001139486,0.01854316245782314,0.894118219911922,0.19526888165804238
Time:,4.39,x:   ,-2.63989391224966,0.02398688250443132,0.8321731237569205,0.1824753066929155
Time:,4.4,x:   ,-2.6337133395699697,0.029381594984716344,0.7697358105620791,0.16954860068619867
Time:,4.41,x:   ,-2.6280883696255355,0.03471883644153719,0.7068699294588261,0.15650193362833867
Time:,4.42,x:   ,-2.6230214296458434,0.03998975549138846,0.6436385595784266,0.1433485473684548
Time:,4.43,x:   ,-2.618514294885093,0.04518515182184662,0.580104188114705,0.1301017411048086
Time:,4.44,x:   ,-2.614568096979273,0.05029551825110541,0.5163286944905809,0.11677485703089968
Time:,4.45,x:   ,-2.61118333320835,0.055311085428307594,0.45237334011275204,0.10338126629019935
Time:,4.46,x:   ,-2.6083598765343594,0.0602218687499672,0.38829876316753426,0.0899343553838312
Time:,4.47,x:   ,-2.6060969862913086,0.06501771707133931,0.324164977885925,0.07644751316250306
Time:,4.48,x:   ,-2.6043933194105198,0.06968836280172323,0.2600313776872058,0.06293411851693405
Time:,4.49,x:   ,-2.6032469420750353,0.07422347298877975,0.19595674159766602,0.04940752886027191
Time:,4.5,x:   ,-2.602655341708688,0.07861270101822239,0.13199924333404456,0.03588106947204834
Time:,4.51,x:   ,-2.6026154392190315,0.08284573858077449,0.06821646243977901,0.022368023746663683
Time:,4.5200000000000005,x:   ,-2.603123601428079,0.08691236758701004,0.00466539686581182,0.008881624360910268
Time:,4.53,x:   ,-2.6041756536403007,0.09080251174147634,-0.058597523603784965,-0.00456495465461557
Time:,4.54,x:   ,-2.6057668923130377,0.0945062875191423,-0.12151642366806317,-0.017958604985400427
Time:,4.55,x:   ,-2.6078920978099887,0.09801405431854297,-0.18403596913677833,-0.031286290318982606
Time:,4.5600000000000005,x:   ,-2.6105455472331798,0.10131646359584827,-0.2461013544176002,-0.04453505195011342
Time:,4.57,x:   ,-2.613721027342404,0.10440450681140934,-0.30765829138652423,-0.057692013834478424
Time:,4.58,x:   ,-2.6174118475830754,0.10726956204417565,-0.3686530001370213,-0.07074438724376722
Time:,4.59,x:   ,-2.621610853253428,0.10990343914893044,-0.4290322020724119,-0.08367947519476009
Time:,4.6000000000000005,x:   ,-2.6263104388496057,0.11229842334592843,-0.488743115772149,-0.09648467684080621
Time:,4.61,x:   ,-2.631502561632246,0.11444731714180063,-0.5477334560264024,-0.10914749202505752
Time:,4.62,x:   ,-2.6371787554603867,0.11634348048428493,-0.6059514363948114,-0.12165552620065223
Time:,4.63,x:   ,-2.6433301449378512,0.11798086905142699,-0.6633457756047598,-0.13399649592337914
Time:,4.64,x:   ,-2.649947459913595,0.11935407056857641,-0.7198657080622842,-0.1461582351169871
Time:,4.65,x:   ,-2.6570210503709193,0.12045833903419291,-0.7754609987050003,-0.15812870230014703
Time:,4.66,x:   ,-2.664540901731063,0.12128962671880329,-0.8300819623814872,-0.16989598894718025
Time:,4.67,x:   ,-2.672496650584712,0.12184461378124414,-0.8836794878956648,-0.18144832913222436
Time:,4.68,x:   ,-2.6808776008507262,0.12212073532360081,-0.9362050668081062,-0.1927741105788557
Time:,4.69,x:   ,-2.689672740345227,0.12211620568219843,-0.9876108270392231,-0.20386188720480997
Time:,4.7,x:   ,-2.6988707577266875,0.1218300397279424,-1.0378495712721163,-0.21470039321496867
Time:,4.71,x:   ,-2.708460059764246,0.12126207092668852,-1.0868748201058933,-0.22527855875599187
Time:,4.72,x:   ,-2.7184287888578758,0.1204129658906633,-1.134640859863679,-0.23558552710378072
Time:,4.73,x:   ,-2.728764840720815,0.1192842351368086,-1.1811027949136805,-0.2456106733113917
Time:,4.74,x:   ,-2.739455882117649,0.11787823975881995,-1.2262166043167704,-0.25534362420123213
Time:,4.75,x:   ,-2.7504893685361993,0.1161981937180473,-1.2699392025703986,-0.2647742795425632
Time:,4.76,x:   ,-2.761852561658735,0.11424816146564554,-1.3122285041764898,-0.2738928342147899
Time:,4.7700000000000005,x:   ,-2.77353254648857,0.11203305062551908,-1.3530434917205696,-0.28268980111999503
Time:,4.78,x:   ,-2.7855162479824593,0.10955859949554131,-1.392344287110956,-0.2911560345759196
Time:,4.79,x:   ,-2.7977904470378627,0.10683135916375922,-1.4300922255906743,-0.2992827538942503
Time:,4.8,x:   ,-2.810341795687448,0.10385867008693368,-1.4662499321010496,-0.3070615668296765
Time:,4.8100000000000005,x:   ,-2.823156831361408,0.10064863304050078,-1.5007813995449535,-0.31448449257355354
Time:,4.82,x:   ,-2.836221990091278,0.09721007442108211,-1.533652068469657,-0.3215439839627769
Time:,4.83,x:   ,-2.849523618546859,0.09355250596376125,-1.5648289076644375,-0.3282329485799741
Time:,4.84,x:   ,-2.863047984820224,0.0896860790247463,-1.5942804951467524,-0.33454476843541076
Time:,4.8500000000000005,x:   ,-2.8767812878970913,0.08562153367359265,-1.621977098993193,-0.3404733179438294
Time:,4.86,x:   ,-2.89070966578543,0.0813701429353345,-1.6478907574578279,-0.34601297994020996
Time:,4.87,x:   ,-2.9048192023031,0.07694365261884754,-1.6719953578112041,-0.3511586595162915
Time:,4.88,x:   ,-2.9190959325597388,0.07235421726054263,-1.6942667133284366,-0.35590579550346907
Time:,4.89,x:   ,-2.9335258472018486,0.06761433279901312,-1.7146826378547206,-0.3602503694759932
Time:,4.9,x:   ,-2.9480948955230453,0.06273676667354773,-1.7332230173814371,-0.3641889121996927
Time:,4.91,x:   ,-2.9627889875726106,0.057734486104698675,-1.7498698780759447,-0.367718507504044
Time:,4.92,x:   ,-2.9775939954237622,0.05262058536592351,-1.7646074502232783,-0.37083679360760796
Time:,4.93,x:   ,-2.9924957537875,0.04740821288971014,-1.777422227558307,-0.3735419619769677
Time:,4.94,x:   ,-3.007480060177664,0.042110499068099626,-1.788303021492461,-0.37583275384576387
Time:,4.95,x:   ,-3.022532674847306,0.036740485605307883,-1.7972410097697593,-0.37770845456182295
Time:,4.96,x:   ,-3.0376393207251797,0.031311057259024944,-1.8042297791223867,-0.37916888596554105
Time:,4.97,x:   ,-3.052785683583851,0.025834876767403283,-1.809265361536212,-0.3802143970307061
Time:,4.98,x:   ,-3.067957412667593,0.02032432370182134,-1.8123462637810466,-0.3808458530191995
Time:,4.99,x:   ,-3.0831401219990107,0.014791437912879592,-1.813473489908688,-0.3810646234132121
