dT,0.01,Substep Number,3
Time,State History
Time:,0.0,x:   ,-0.4,0.4,1.0,1.0
Time:,0.01,x:   ,-0.4435463691863698,0.6776484360225584,1.021773184593185,0.9255068306837247
Time:,0.02,x:   ,-0.4696562433318321,0.8817125300234041,1.034828121665916,0.8527232127607024
Time:,0.03,x:   ,-0.48502967720910917,1.0411961037456177,1.0425148386045546,0.7869018254786764
Time:,0.04,x:   ,-0.4933464104218051,1.1720731896207455,1.0466732052109025,0.7278671313978937
Time:,0.05,x:   ,-0.49666441905606945,1.2832634837126569,1.0483322095280345,0.6745293747925885
Time:,0.06,x:   ,-0.49622534399975654,1.380114116970408,1.0481126719998781,0.6258534475809212
Time:,0.07,x:   ,-0.4928338269199899,1.4660474841698379,1.0464169134599948,0.5810087555290864
Time:,0.08,x:   ,-0.48704393339615837,1.5433733239828102,1.043521966698079,0.5393536723053372
Time:,0.09,x:   ,-0.47925734204376585,1.6137171761994933,1.0396286710218827,0.5003954543740069
Time:,0.1,x:   ,-0.46977851773265833,1.6782614689046274,1.0348892588663288,0.46375457297213313
Time:,0.11,x:   ,-0.45884746700771534,1.737888958774407,1.0294237335038572,0.4291374654306729
Time:,0.12,x:   ,-0.4466600817294154,1.793272251657864,1.0233300408647072,0.39631647611185983
Time:,0.13,x:   ,-0.4333812331112213,1.844932035222266,1.0166906165556102,0.3651151055684609
Time:,0.14,x:   ,-0.41915342570177216,1.8932763777688197,1.0095767128508857,0.33539700455539295
Time:,0.15,x:   ,-0.4041026149946019,1.938628155537628,1.0020513074973005,0.30705757202978984
Time:,0.16,x:   ,-0.3883421450173536,1.9812448077039637,0.9941710725086764,0.28001736144344097
Time:,0.17,x:   ,-0.3719754010328841,2.0213329985419843,0.9859877005164417,0.25421675270820054
Time:,0.18,x:   ,-0.35509756432848394,2.0590598121781993,0.9775487821642417,0.22961152745545416
Time:,0.19,x:   ,-0.33779673269513694,2.0945615226763774,0.9688983663475682,0.2061691129058209
Time:,0.2,x:   ,-0.3201545948983882,2.1279506151632672,0.9600772974491938,0.18386534972936863
Time:,0.21,x:   ,-0.30224679964014894,2.1593214971672134,0.9511233998200741,0.16268170154884232
Time:,0.22,x:   ,-0.2841431273002841,2.1887551852717597,0.9420715636501417,0.14260286459979019
Time:,0.23,x:   ,-0.26590754915629894,2.2163231525117366,0.932953774578149,0.12361475995074912
Time:,0.24,x:   ,-0.24759823982146748,2.242090459415747,0.9237991199107333,0.10570290118436564
Time:,0.25,x:   ,-0.22926759222208806,2.266118254868638,0.9146337961110435,0.08885113088632217
Time:,0.26,x:   ,-0.2109622696717247,2.2884657139175935,0.9054811348358618,0.07304071299418144
Time:,0.27,x:   ,-0.19272331634669543,2.3091914720781346,0.8963616581733471,0.05824975822186806
Time:,0.28,x:   ,-0.17458633594593742,2.328354614740184,0.8872931679729681,0.044452949245341856
Time:,0.29,x:   ,-0.15658173885170626,2.3460152821775244,0.8782908694258527,0.031621523349170004
Time:,0.3,x:   ,-0.13873505093250135,2.362234952733226,0.8693675254662502,0.019723464247889674
Time:,0.31,x:   ,-0.1210672723016133,2.3770764672993336,0.8605336361508062,0.008723852449491233
Time:,0.32,x:   ,-0.10359527171633261,2.390603856430614,0.8517976358581658,-0.001414675254143463
Time:,0.33,x:   ,-0.08633220155778742,2.4028820272363944,0.8431661007788932,-0.010731402396743249
Time:,0.34,x:   ,-0.06928791904831705,2.413976360974733,0.834643959524158,-0.01926698449447327
Time:,0.35000000000000003,x:   ,-0.05246940108677583,2.423952264686646,0.8262347005433874,-0.027062907278322047
Time:,0.36,x:   ,-0.03588114238299109,2.4328747119868863,0.817940571191495,-0.034160975333707336
Time:,0.37,x:   ,-0.019525529089043096,2.4408077999413753,0.809762764544521,-0.04060284768179194
Time:,0.38,x:   ,-0.003403182583111535,2.447814341337063,0.8017015912915552,-0.04642963039548833
Time:,0.39,x:   ,0.012486729722392835,2.4539555049422463,0.793756635138803,-0.05168153100306532
Time:,0.4,x:   ,0.02814621780607987,2.4592905107520258,0.7859268910969595,-0.05639757526625032
Time:,0.41000000000000003,x:   ,0.04357822646772606,2.463876382763526,0.7782108867661364,-0.06061538387527673
Time:,0.42,x:   ,0.058786425426213595,2.467767758475435,0.7706067872868926,-0.06437100455019498
Time:,0.43,x:   ,0.07377502998101632,2.471016751937721,0.7631124850094912,-0.06769879380760814
Time:,0.44,x:   ,0.08854864965587501,2.473672865637858,0.7557256751720619,-0.0706313420678565
Time:,0.45,x:   ,0.1031121619996754,2.4757829456378606,0.7484439190001617,-0.07319943567333988
Time:,0.46,x:   ,0.11747060865456439,2.477391174017248,0.7412646956727172,-0.07543204961943577
Time:,0.47000000000000003,x:   ,0.1316291108659347,2.478539092692987,0.7341854445670322,-0.07735636524661552
Time:,0.48,x:   ,0.1455928017616477,2.479265652962275,0.7272035991191756,-0.0789978077132637
Time:,0.49,x:   ,0.15936677293542875,2.4796072855539886,0.720316613532285,-0.08038009869450817
Time:,0.5,x:   ,0.1729560331060934,2.479597986507277,0.7135219834469526,-0.08152532038438931
Time:,0.51,x:   ,0.18636547687121457,2.479269414767333,0.7068172615643921,-0.08245398748451488
Time:,0.52,x:   ,0.19959986181768324,2.4786509979606324,0.7002000690911577,-0.08318512442206501
Time:,0.53,x:   ,0.2126637924834998,2.4777700433592997,0.6936681037582496,-0.08373634554300038
Time:,0.54,x:   ,0.22556170987964316,2.4766518515507006,0.6872191450601778,-0.08412393646851345
Time:,0.55,x:   ,0.23829788547513978,2.4753198307852373,0.6808510572624294,-0.08436293518451102
Time:,0.56,x:   ,0.2508764187214637,2.473795610379021,0.6745617906392674,-0.0844672117584046
Time:,0.5700000000000001,x:   ,0.2633012373443587,2.4720991518987083,0.66834938132782,-0.08444954584951284
Time:,0.58,x:   ,0.27557609976310643,2.470248857155727,0.662211950118446,-0.08432170140454325
Time:,0.59,x:   ,0.2877045991106898,2.4682616722901667,0.6561477004446542,-0.0840944981137254
Time:,0.6,x:   ,0.29969016842496443,2.466153187435379,0.6501549157875168,-0.08377787935187277
Time:,0.61,x:   ,0.31153608666270827,2.463937731627658,0.6442319566686449,-0.08338097644724198
Time:,0.62,x:   ,0.3232454852570753,2.461628462766045,0.6383772573714613,-0.08291216921432497
Time:,0.63,x:   ,0.33482135499626586,2.459237452539936,0.6325893225018661,-0.08237914275890393
Time:,0.64,x:   ,0.3462665530487207,2.4567757663309333,0.6268667234756387,-0.08178894061852274
Time:,0.65,x:   ,0.3575838099992938,2.4542535381641195,0.6212080950003521,-0.08114801434216766
Time:,0.66,x:   ,0.3687757367929211,2.4516800408359427,0.6156121316035384,-0.08046226964211003
Time:,0.67,x:   ,0.37984483150840465,2.449063751384173,0.6100775842457966,-0.07973710927082059
Time:,0.68,x:   ,0.39079348590603924,2.44641241209241,0.6046032570469794,-0.07897747278851855
Time:,0.6900000000000001,x:   ,0.4016239917097547,2.443733087239561,0.5991880041451216,-0.07818787339383963
Time:,0.7000000000000001,x:   ,0.4123385465979471,2.4410322158153592,0.5938307267010254,-0.07737243199258667
Time:,0.71,x:   ,0.42293925988782577,2.438315660427949,0.5885303700560861,-0.07653490867861727
Time:,0.72,x:   ,0.43342815790642447,2.4355887526299735,0.5832859210467868,-0.07567873179747842
Time:,0.73,x:   ,0.44380718904783745,2.4328563348866536,0.5780964054760803,-0.07480702475810283
Time:,0.74,x:   ,0.45407822852110674,2.430122799403764,0.5729608857394457,-0.0739226307512855
Time:,0.75,x:   ,0.4642430827967981,2.427392124026005,0.5678784586016,-0.07302813552619239
Time:,0.76,x:   ,0.4743034937629101,2.424667905407495,0.562848253118544,-0.07212588836815871
Time:,0.77,x:   ,0.4842611426025653,2.4219533896465157,0.5578694286987164,-0.07121802141277353
Time:,0.78,x:   ,0.49411765340709923,2.419251500566491,0.5529411732964493,-0.07030646742292417
Time:,0.79,x:   ,0.5038745965388347,2.416564865814842,0.5480627017305816,-0.06939297614723797
Time:,0.8,x:   ,0.5135334917581097,2.413895840940958,0.543233254120944,-0.06847912937032533
Time:,0.81,x:   ,0.5230958111291134,2.4112465316042915,0.5384520944354422,-0.06756635475747472
Time:,0.8200000000000001,x:   ,0.5325629817188462,2.4086188140536215,0.5337185091405758,-0.06665593858903386
Time:,0.8300000000000001,x:   ,0.5419363881031175,2.4060143540088847,0.5290318059484403,-0.06574903747266768
Time:,0.84,x:   ,0.5512173746929744,2.4034346240677897,0.524391312653512,-0.0648466891150317
Time:,0.85,x:   ,0.560407247894351,2.4008809197506524,0.5197963760528237,-0.06394982222814964
Time:,0.86,x:   ,0.569507278113079,2.398354374288622,0.5152463609434598,-0.06305926563993428
Time:,0.87,x:   ,0.5785187016167154,2.3958559722526607,0.5107406491916416,-0.062175756672835224
Time:,0.88,x:   ,0.5874427222639578,2.3933865621133275,0.5062786388680206,-0.06129994884952378
Time:,0.89,x:   ,0.5962805131117229,2.3909468678145833,0.501859743444138,-0.060432418979818034
Time:,0.9,x:   ,0.605033217909297,2.388537499438447,0.49748339104535094,-0.05957367367869496
Time:,0.91,x:   ,0.6137019524883058,2.3861589630314137,0.4931490237558465,-0.058724155361209285
Time:,0.92,x:   ,0.6222878060566296,2.3838116696580314,0.48885609697168464,-0.05788424775642418
Time:,0.93,x:   ,0.6307918424037859,2.381495943741934,0.48460407879810646,-0.057054280979035164
Time:,0.9400000000000001,x:   ,0.6392151010247394,2.3792120307499043,0.4803924494876297,-0.05623453619421726
Time:,0.9500000000000001,x:   ,0.6475585981685607,2.3769601042701733,0.4762207009157191,-0.055425249908326875
Time:,0.96,x:   ,0.6558233278178569,2.374740272532144,0.472088336091071,-0.05462661791542671
Time:,0.97,x:   ,0.6640102626044295,2.3725525844109914,0.46799486869778467,-0.053838798927155464
Time:,0.98,x:   ,0.6721203546661744,2.3703970349571826,0.46393982266691225,-0.05306191791121852
Time:,0.99,x:   ,0.6801545364498393,2.3682735704877875,0.4599227317750798,-0.05229606916171544
Time:,1.0,x:   ,0.6881137214638742,2.366182093273558,0.45594313926806235,-0.05154131912262975
Time:,1.01,x:   ,0.6959988049852648,2.3641224658530646,0.45200059750736704,-0.050797708984073014
Time:,1.02,x:   ,0.7038106647239174,2.362094515002729,0.44809466763804073,-0.05006525706928568
Time:,1.03,x:   ,0.7115501614478691,2.3600980353893153,0.4442249192760649,-0.04934396102893967
Time:,1.04,x:   ,0.719218139572325,2.3581327929293683,0.4403909302138369,-0.04863379985795114
Time:,1.05,x:   ,0.7268154277152729,2.3561985278781625,0.436592286142363,-0.047934735748786914
Time:,1.06,x:   ,0.7343428392221969,2.3542949576689693,0.432828580388901,-0.04724671579412405
Time:,1.07,x:   ,0.7418011726622028,2.352421779521827,0.42909941366889803,-0.04656967355069206
Time:,1.08,x:   ,0.749191212297671,2.3505786728395024,0.4254043938511639,-0.04590353047518184
Time:,1.09,x:   ,0.7565137285293795,2.348765301406968,0.4217431357353097,-0.045248197242238754
Time:,1.1,x:   ,0.7637694783188735,2.3469813154094576,0.41811526084056266,-0.04460357495376129
Time:,1.11,x:   ,0.7709592055897172,2.3452263532829845,0.41452039720514083,-0.04396955624799713
Time:,1.12,x:   ,0.7780836416091164,2.3435000434101676,0.41095817919544125,-0.04334602631625778
Time:,1.1300000000000001,x:   ,0.7851435053512896,2.3418020056732,0.4074282473243546,-0.04273286383445771
Time:,1.1400000000000001,x:   ,0.792139503843841,2.3401318528748973,0.4039302480780789,-0.04212994181611844
Time:,1.1500000000000001,x:   ,0.7990723324982925,2.338489192037937,0.4004638337508532,-0.04153712839295864
Time:,1.16,x:   ,0.8059426754258332,2.3368736255916187,0.39702866228708283,-0.04095428752871393
Time:,1.17,x:   ,0.8127512057392613,2.3352847524547737,0.3936243971303688,-0.0403812796713912
Time:,1.18,x:   ,0.819498585842012,2.333722169022796,0.39025070707899345,-0.03981796234875832
Time:,1.19,x:   ,0.8261854677050936,2.3321854700661673,0.38690726614745263,-0.039264190711499114
Time:,1.2,x:   ,0.8328124931326915,2.330674249547292,0.3835937534336537,-0.03871981802812142
Time:,1.21,x:   ,0.839380294017132,2.3291881013619395,0.38030985299143344,-0.03818469613539151
Time:,1.22,x:   ,0.8458894925838536,2.3277266200111373,0.37705525370807264,-0.03765867584777837
Time:,1.23,x:   ,0.8523407016269716,2.3262894012088915,0.3738296491865136,-0.03714160732912443
Time:,1.24,x:   ,0.8587345247359869,2.3248760424307355,0.370632737632006,-0.036633340429513245
Time:,1.25,x:   ,0.8650715565141393,2.323486143407722,0.3674642217429298,-0.036133724990078026
Time:,1.26,x:   ,0.8713523827888738,2.3221193065701287,0.3643238086055625,-0.03564261111828567
Time:,1.27,x:   ,0.8775775808148493,2.320775137444833,0.3612112095925748,-0.03515984943603809
Time:,1.28,x:   ,0.883747719469888,2.3194532450100183,0.35812614026505546,-0.03468529130275468
Time:,1.29,x:   ,0.8898633594442369,2.318153242010599,0.355068320277881,-0.03421878901543564
Time:,1.3,x:   ,0.8959250534234828,2.316874745237496,0.352037473288258,-0.033760195987553754
Time:,1.31,x:   ,0.9019333462654394,2.315617375773675,0.3490333268672797,-0.033309366908482886
Time:,1.32,x:   ,0.9078887751713026,2.3143807592096244,0.3460556124143481,-0.03286615788504127
Time:,1.33,x:   ,0.9137918698513489,2.3131645258307705,0.343104065074325,-0.03243042656660882
Time:,1.34,x:   ,0.919643152685434,2.3119683107791253,0.34017842365728246,-0.03200203225516671
Time:,1.35,x:   ,0.9254431388785305,2.3107917541913023,0.3372784305607342,-0.03158083600150558
Time:,1.36,x:   ,0.9311923366115272,2.309634501314874,0.3344038316942358,-0.031166700688754195
Time:,1.37,x:   ,0.9368912471875007,2.3084962026048936,0.3315543764062491,-0.030759491104292994
Time:,1.3800000000000001,x:   ,0.9425403651736523,2.3073765138022733,0.3287298174131733,-0.0303590740010363
Time:,1.3900000000000001,x:   ,0.9481401785390949,2.306275095995579,0.32592991073045197,-0.029965318148992007
Time:,1.4000000000000001,x:   ,0.9536911687886622,2.3051916156676944,0.3231544156056683,-0.029578094377938534
Time:,1.41,x:   ,0.9591938110928989,2.3041257447286845,0.32040309445355,-0.029197275611994745
Time:,1.42,x:   ,0.9646485744143868,2.3030771605360973,0.31767571279280604,-0.028822736896799272
Time:,1.43,x:   ,0.9700559216305474,2.3020455459038516,0.3149720391847257,-0.02845435541996077
Time:,1.44,x:   ,0.9754163096530577,2.3010305891007614,0.3122918451734706,-0.028092010525389954
Time:,1.45,x:   ,0.9807301895440036,2.3000319838396797,0.30963490522799764,-0.02773558372207702
Time:,1.46,x:   ,0.9859980066288943,2.2990494292581554,0.3070009966855523,-0.027384958687834755
Time:,1.47,x:   ,0.9912202006066497,2.298082629891446,0.30438989969667457,-0.027040021268487056
Time:,1.48,x:   ,0.9963972056566686,2.2971312956386476,0.30180139717166515,-0.026700659472945355
Time:,1.49,x:   ,1.0015294505430792,2.296195141722652,0.2992352747284598,-0.026366763464580816
Time:,1.5,x:   ,1.0066173587162728,2.2952738886445907,0.296691320641863,-0.026038225549268115
Time:,1.51,x:   ,1.0116613484118067,2.2943672621333593,0.29416932579409605,-0.02571494016044691
Time:,1.52,x:   ,1.0166618327467698,2.2934749930907867,0.2916690836266145,-0.02539680384151964
Time:,1.53,x:   ,1.021619219813692,2.2925968175329547,0.28919039009315345,-0.02508371522587884
Time:,1.54,x:   ,1.0265339127720763,2.2917324765281393,0.2867330436139612,-0.024775575014833573
Time:,1.55,x:   ,1.0314063099376338,2.290881716131806,0.2842968450311825,-0.024472285953682695
Time:,1.56,x:   ,1.036236804869288,2.2900442873190596,0.2818815975653554,-0.024173752806162546
Time:,1.57,x:   ,1.0410257864540253,2.289219945914909,0.2794871067729867,-0.02387988232747786
Time:,1.58,x:   ,1.045773638989653,2.2884084525226838,0.2771131805051729,-0.023590583236107392
Time:,1.59,x:   ,1.0504807422655307,2.2876095724509047,0.27475962886723404,-0.023305766184559745
Time:,1.6,x:   ,1.0551474716413372,2.286823075638899,0.2724262641793308,-0.023025343729239953
Time:,1.61,x:   ,1.0597741981239304,2.286048736581407,0.2701129009380342,-0.022749230299573812
Time:,1.62,x:   ,1.064361288442357,2.2852863342524152,0.2678193557788209,-0.022477342166524007
Time:,1.6300000000000001,x:   ,1.0689091051210677,2.284535652028436,0.26554544743946557,-0.02220959741062058
Time:,1.6400000000000001,x:   ,1.0734180065513883,2.2837964776114217,0.2632909967243053,-0.02194591588961723
Time:,1.6500000000000001,x:   ,1.0778883470612985,2.2830686029514946,0.2610558264693502,-0.021686219205875042
Time:,1.6600000000000001,x:   ,1.082320476983566,2.2823518241696497,0.25883976150821647,-0.021430430673565842
Time:,1.67,x:   ,1.086714742722284,2.281645941480578,0.2566426286388575,-0.02117847528577889
Time:,1.68,x:   ,1.0910714868178557,2.280950759115741,0.25446425659107175,-0.02093027968160669
Time:,1.69,x:   ,1.09539104801047,2.280266085246817,0.25230447599476463,-0.020685772113278357
Time:,1.7,x:   ,1.0996737613021115,2.279591731909618,0.250163119348944,-0.02044488241340227
Time:,1.71,x:   ,1.1039199580171435,2.2789275149285895,0.2480400209914279,-0.020207541962373555
Time:,1.72,x:   ,1.1081299658615056,2.2782732538419537,0.24593501706924686,-0.019973683655996163
Time:,1.73,x:   ,1.1123041089805612,2.277628771827598,0.2438479455097191,-0.019743241873364018
Time:,1.74,x:   ,1.1164427080156338,2.2769938956297597,0.24177864599218274,-0.019516152445040937
Time:,1.75,x:   ,1.1205460801592684,2.276368455486573,0.23972695992036538,-0.01929235262157445
Time:,1.76,x:   ,1.1246145392092493,2.2757522850585254,0.237692730395375,-0.019071781042374635
Time:,1.77,x:   ,1.1286483956214097,2.275145221357877,0.2356758021892947,-0.018854377704985204
Time:,1.78,x:   ,1.1326479565612677,2.2745471046790753,0.23367602171936572,-0.018640083934770676
Time:,1.79,x:   ,1.1366135259545143,2.2739577785301996,0.23169323702274244,-0.018428842355040286
Time:,1.8,x:   ,1.1405454045363899,2.27337708956547,0.2297272977318046,-0.018220596857626326
Time:,1.81,x:   ,1.1444438898999754,2.2728048875188334,0.2277780550500119,-0.018015292573931984
Time:,1.82,x:   ,1.1483092765434262,2.272241025138658,0.22584536172828643,-0.01781287584646127
Time:,1.83,x:   ,1.15214185591618,2.2716853581235426,0.22392907204190945,-0.017613294200841373
Time:,1.84,x:   ,1.1559419164641618,2.2711377450592565,0.22202904176791863,-0.017416496318345846
Time:,1.85,x:   ,1.1597097436740134,2.2705980473568177,0.22014512816299278,-0.01722243200892503
Time:,1.86,x:   ,1.1634456201163752,2.270066129191715,0.21827718994181178,-0.017031052184748503
Time:,1.87,x:   ,1.1671498254882415,2.2695418574442763,0.21642508725587858,-0.016842308834262854
Time:,1.8800000000000001,x:   ,1.1708226366544146,2.2690251016411804,0.21458868167279205,-0.01665615499676656
Time:,1.8900000000000001,x:   ,1.1744643276880817,2.2685157338981186,0.21276783615595846,-0.016472544737502606
Time:,1.9000000000000001,x:   ,1.1780751699105372,2.2680136288635904,0.21096241504473068,-0.016291433123268285
Time:,1.9100000000000001,x:   ,1.1816554319300707,2.267518663663838,0.20917228403496393,-0.01611277619854056
Time:,1.92,x:   ,1.185205379680044,2.267030717848904,0.20739731015997728,-0.01593653096211456
Time:,1.93,x:   ,1.188725276456177,2.2665496733398087,0.20563736177191064,-0.01576265534425178
Time:,1.94,x:   ,1.1922153829530637,2.2660754143768336,0.20389230852346735,-0.015591108184334032
Time:,1.95,x:   ,1.1956759572999345,2.2656078274688993,0.202162021350032,-0.015421849209018245
Time:,1.96,x:   ,1.1991072550956896,2.2651468013440295,0.20044637245215444,-0.015254839010886981
Time:,1.97,x:   ,1.2025095294432175,2.2646922269008796,0.19874523527839058,-0.015090039027588676
Time:,1.98,x:   ,1.2058830309830173,2.2642439971613255,0.1970584845084906,-0.014927411521461398
Time:,1.99,x:   ,1.2092280079261457,2.2638020072240894,0.1953859960369263,-0.014766919559633409
Time:,2.0,x:   ,1.212544706086501,2.263366154219391,0.19372764695674877,-0.0146085269945935
Time:,2.0100000000000002,x:   ,1.2158333689124625,2.2629363372646063,0.19208331554376795,-0.014452198445223774
Time:,2.02,x:   ,1.219094237517906,2.26251245742092,0.19045288124104623,-0.014297899278287306
Time:,2.0300000000000002,x:   ,1.222327550712602,2.2620944176509536,0.1888362246436982,-0.01414559559036289
Time:,2.04,x:   ,1.2255335450320208,2.2616821227773483,0.18723322748398874,-0.013995254190218933
Time:,2.05,x:   ,1.2287124547665542,2.261275479442293,0.18564377261672205,-0.013846842581618373
Time:,2.06,x:   ,1.2318645119901694,2.260874396067971,0.18406774400491444,-0.013700328946546459
Time:,2.07,x:   ,1.2349899465885108,2.260478782817917,0.18250502670574387,-0.013555682128853067
Time:,2.08,x:   ,1.2380889862864601,2.2600885515592584,0.18095550685676917,-0.013412871618301283
Time:,2.09,x:   ,1.2411618566751736,2.259703615825828,0.1794190716624124,-0.013271867535013814
Time:,2.1,x:   ,1.2442087812386025,2.2593238907821314,0.1778956093806979,-0.013132640614308931
Time:,2.11,x:   ,1.247229981379515,2.2589492931881443,0.17638500931024167,-0.012995162191917533
Time:,2.12,x:   ,1.2502256764450288,2.2585797413649344,0.17488716177748473,-0.012859404189573013
Time:,2.13,x:   ,1.2531960837516687,2.258215155161077,0.17340195812416465,-0.012725339100965643
Time:,2.14,x:   ,1.2561414186099586,2.2578554559198563,0.1719292906950196,-0.012592939978053233
Time:,2.15,x:   ,1.2590618943485603,2.25750056644723,0.17046905282571875,-0.012462180417719897
Time:,2.16,x:   ,1.26195772233797,2.2571504109805476,0.16902113883101386,-0.012333034548774843
Time:,2.17,x:   ,1.2648291120137842,2.256804915157994,0.16758544399310674,-0.0122054770192832
Time:,2.18,x:   ,1.2676762708995437,2.256464005988753,0.16616186455022694,-0.012079482984220942
Time:,2.19,x:   ,1.2704994046291676,2.256127611823867,0.16475029768541502,-0.011955028093446163
Time:,2.2,x:   ,1.2732987169689858,2.2557956623277824,0.16335064151550602,-0.011832088479978997
Time:,2.21,x:   ,1.2760744098393801,2.255468088450559,0.1619627950803088,-0.011710640748582583
Time:,2.22,x:   ,1.2788266833360455,2.255144822400732,0.1605866583319761,-0.011590661964637702
Time:,2.23,x:   ,1.2815557357508762,2.2548257976188104,0.15922213212456077,-0.011472129643303694
Time:,2.24,x:   ,1.2842617635924896,2.254510948751395,0.15786911820375402,-0.011355021738958512
Time:,2.25,x:   ,1.286944961606395,2.2542002116259057,0.15652751919680127,-0.011239316634910831
Time:,2.2600000000000002,x:   ,1.2896055227948156,2.2538935232258965,0.15519723860259102,-0.011124993133377307
Time:,2.27,x:   ,1.2922436384361717,2.25359082166695,0.15387818078191293,-0.011012030445718171
Time:,2.2800000000000002,x:   ,1.2948594981042347,2.2532920461731347,0.15257025094788132,-0.010900408182924539
Time:,2.29,x:   ,1.2974532896869582,2.2529971370540136,0.15127335515651957,-0.010790106346350907
Time:,2.3000000000000003,x:   ,1.300025199404993,2.252706035682186,0.14998740029750218,-0.010681105318686452
Time:,2.31,x:   ,1.302575411829896,2.2524186844713556,0.14871229408505057,-0.010573385855158924
Time:,2.32,x:   ,1.3051041099020388,2.2521350268549067,0.14744794504897912,-0.010466929074965006
Time:,2.33,x:   ,1.3076114749482217,2.2518550072649814,0.1461942625258877,-0.010361716452921206
Time:,2.34,x:   ,1.310097686699002,2.251578571112037,0.1449511566504976,-0.010257729811329443
Time:,2.35,x:   ,1.3125629233057425,2.251305664764883,0.14371853834712725,-0.010154951312051628
Time:,2.36,x:   ,1.3150073613573872,2.251036235531175,0.1424963193213049,-0.01005336344878774
Time:,2.37,x:   ,1.317431175896968,2.2507702316383624,0.14128441205151457,-0.009952949039551896
Time:,2.38,x:   ,1.3198345404378518,2.2505076022150727,0.14008272978107258,-0.009853691219341194
Time:,2.39,x:   ,1.3222176269797334,2.2502482972729254,0.13889118651013174,-0.009755573432992153
Time:,2.4,x:   ,1.3245806060243772,2.2499922676887647,0.13770969698780983,-0.009658579428219701
Time:,2.41,x:   ,1.3269236465911167,2.2497394651872966,0.13653817670444005,-0.00956269324883383
Time:,2.42,x:   ,1.3292469162321157,2.249489842324124,0.13537654188394055,-0.009467899228129125
Time:,2.43,x:   ,1.3315505810473967,2.2492433524691697,0.13422470947630002,-0.009374181982442525
Time:,2.44,x:   ,1.333834805699642,2.2489999497904787,0.1330825971501773,-0.00928152640487475
Time:,2.45,x:   ,1.336099753428773,2.2487595892383814,0.1319501232856119,-0.00918991765917102
Time:,2.46,x:   ,1.3383455860663103,2.2485222265300258,0.1308272069668433,-0.00909934117375671
Time:,2.47,x:   ,1.3405724640495236,2.2482878181342496,0.12971376797523665,-0.009009782635923797
Time:,2.48,x:   ,1.3427805464353721,2.2480563212568008,0.12860972678231228,-0.008921227986163974
Time:,2.49,x:   ,1.3449699909142432,2.2478276938258888,0.12751500454287684,-0.008833663412644504
Time:,2.5,x:   ,1.347140953823489,2.247601894478057,0.12642952308825392,-0.008747075345822931
Time:,2.5100000000000002,x:   ,1.3492935901607732,2.247378882544376,0.12535320491961183,-0.008661450453196872
Time:,2.52,x:   ,1.3514280535972234,2.2471586180369427,0.12428597320138672,-0.008576775634185244
Time:,2.5300000000000002,x:   ,1.3535444964903998,2.2469410616356784,0.12322775175479847,-0.008493038015137388
Time:,2.54,x:   ,1.3556430698970807,2.2467261746754263,0.12217846505145794,-0.008410224944466568
Time:,2.5500000000000003,x:   ,1.3577239235858705,2.2465139191333283,0.12113803820706312,-0.008328323987904557
Time:,2.56,x:   ,1.3597872060496314,2.246304257616485,0.12010639697518269,-0.008247322923873961
Time:,2.57,x:   ,1.3618330645177472,2.2460971533498846,0.1190834677411248,-0.008167209738975145
Time:,2.58,x:   ,1.3638616449682177,2.2458925701646,0.11806917751588954,-0.008087972623584619
Time:,2.59,x:   ,1.3658730921395907,2.2456904724862436,0.11706345393020312,-0.00800959996756193
Time:,2.6,x:   ,1.3678675495427326,2.2454908253236727,0.11606622522863223,-0.007932080356062087
Time:,2.61,x:   ,1.3698451594724435,2.245293594257943,0.11507742026377676,-0.00785540256545066
Time:,2.62,x:   ,1.3718060630189182,2.245098745431503,0.1140969684905394,-0.007779555559318847
Time:,2.63,x:   ,1.3737504000790561,2.2449062455376185,0.11312479996047049,-0.0077045284845957615
Time:,2.64,x:   ,1.3756783093676241,2.244716061810033,0.11216084531618649,-0.007630310667755347
Time:,2.65,x:   ,1.3775899284282758,2.244528162012842,0.11120503578586066,-0.007556891611115372
Time:,2.66,x:   ,1.3794853936444278,2.244342514430592,0.11025730317778458,-0.0074842609892260435
Time:,2.67,x:   ,1.3813648402499994,2.2441590878585873,0.10931757987499878,-0.007412408645345822
Time:,2.68,x:   ,1.3832284023400139,2.243977851593407,0.10838579882999148,-0.007341324588002132
Time:,2.69,x:   ,1.385076212881069,2.243798775423622,0.10746189355946385,-0.007270998987634653
Time:,2.7,x:   ,1.3869084037216757,2.2436218296207104,0.10654579813916044,-0.007201422173319042
Time:,2.71,x:   ,1.388725105602469,2.243446984930162,0.10563744719876371,-0.007132584629568897
Time:,2.72,x:   ,1.390526448166294,2.243274212562777,0.10473677591685118,-0.007064476993213909
Time:,2.73,x:   ,1.3923125599681678,2.2431034841861437,0.1038437200159142,-0.00699709005035217
Time:,2.74,x:   ,1.3940835684851225,2.2429347719162918,0.10295821575743686,-0.006930414733374673
Time:,2.75,x:   ,1.3958396001259277,2.2427680483095296,0.10208019993703427,-0.00686444211806007
Time:,2.7600000000000002,x:   ,1.3975807802406988,2.2426032863544427,0.10120960987964876,-0.006799163420737881
Time:,2.77,x:   ,1.3993072331303902,2.242440459464064,0.10034638343480302,-0.0067345699955183
Time:,2.7800000000000002,x:   ,1.4010190820561779,2.2422795414682044,0.09949045897190917,-0.006670653331586861
Time:,2.79,x:   ,1.402716449248731,2.2421205066059438,0.09864177537563251,-0.006607405050562272
Time:,2.8000000000000003,x:   ,1.4043994559173771,2.241963329518275,0.09780027204130934,-0.006544816903915741
Time:,2.81,x:   ,1.4060682222591614,2.241807985240901,0.09696588887041731,-0.006482880770450198
Time:,2.82,x:   ,1.4077228674678004,2.2416544491971755,0.0961385662660978,-0.006421588653837837
Time:,2.83,x:   ,1.4093635097425377,2.2415026971911964,0.09531824512872916,-0.00636093268021446
Time:,2.84,x:   ,1.410990266296896,2.24135270540103,0.09450486685154993,-0.0063009050958291605
Time:,2.85,x:   ,1.4126032533673336,2.2412044503720807,0.09369837331633118,-0.0062414982647478814
Time:,2.86,x:   ,1.4142025862218017,2.2410579090105904,0.09289870688909703,-0.006182704666609476
Time:,2.87,x:   ,1.4157883791682107,2.240913058577273,0.09210581041589258,-0.006124516894432892
Time:,2.88,x:   ,1.4173607455627988,2.2407698766810737,0.09131962721859843,-0.0060669276524741925
Time:,2.89,x:   ,1.4189197978184143,2.240628341273055,0.09054010109079073,-0.006009929754132092
Time:,2.9,x:   ,1.4204656474127029,2.240488430640408,0.08976717629364647,-0.005953516119900788
Time:,2.91,x:   ,1.4219984048962104,2.2403501234005767,0.08900079755189266,-0.005897679775368865
Time:,2.92,x:   ,1.4235181799003978,2.2402133984955084,0.08824091004979913,-0.005842413849263101
Time:,2.93,x:   ,1.425025081145568,2.2400782351860102,0.08748745942721393,-0.00578771157153602
Time:,2.94,x:   ,1.4265192164487144,2.239944613046221,0.08674039177564072,-0.005733566271496085
Time:,2.95,x:   ,1.4280006927312812,2.2398125119581933,0.08599965363435738,-0.0056799713759794436
Time:,2.96,x:   ,1.4294696160268452,2.239681912106581,0.08526519198657535,-0.005626920407562183
Time:,2.97,x:   ,1.4309260914887183,2.23955279397343,0.08453695425563881,-0.005574406982812065
Time:,2.98,x:   ,1.4323702233974698,2.2394251383330728,0.08381488830126305,-0.005522424810578726
Time:,2.99,x:   ,1.4338021151683724,2.239298926247122,0.08309894241581171,-0.005470967690321426
Time:,3.0,x:   ,1.435221869358772,2.239174139059563,0.08238906532061191,-0.005420029510473341
Time:,3.0100000000000002,x:   ,1.436629587675382,2.2390507583919397,0.08168520616230683,-0.005369604246841545
Time:,3.02,x:   ,1.4380253709815054,2.2389287661386326,0.08098731450924515,-0.005319685961041722
Time:,3.0300000000000002,x:   ,1.439409319304182,2.2388081444622334,0.08029534034790675,-0.005270268798966834
Time:,3.04,x:   ,1.4407815318412671,2.238688875789003,0.07960923407936411,-0.005221346989288802
Time:,3.0500000000000003,x:   ,1.4421421069684375,2.23857094280442,0.07892894651577893,-0.00517291484199246
Time:,3.06,x:   ,1.4434911422461285,2.2384543284488143,0.0782544288769333,-0.005124966746940944
Time:,3.0700000000000003,x:   ,1.4448287344264052,2.238339015913082,0.07758563278679503,-0.005077497172471751
Time:,3.08,x:   ,1.4461549794597623,2.2382249886344834,0.07692251027011651,-0.00503050066402272
Time:,3.09,x:   ,1.4474699725018618,2.238112230292524,0.07626501374906677,-0.004983971842787194
Time:,3.1,x:   ,1.448773807920203,2.238000724804907,0.07561309603989606,-0.004937905404397651
Time:,3.11,x:   ,1.4500665793007301,2.2378904563235698,0.07496671034963258,-0.004892296117637108
Time:,3.12,x:   ,1.4513483794543733,2.2377814092307875,0.07432581027281096,-0.004847138823177629
Time:,3.13,x:   ,1.4526193004235315,2.237673568135358,0.07369034978823186,-0.004802428432345273
Time:,3.14,x:   ,1.4538794334884904,2.2375669178688504,0.07306028325575235,-0.004758159925910836
Time:,3.15,x:   ,1.4551288691737816,2.2374614434819313,0.07243556541310672,-0.004714328352905789
Time:,3.16,x:   ,1.4563676972544808,2.2373571302407544,0.0718161513727571,-0.004670928829462774
Time:,3.17,x:   ,1.4575960067624476,2.237253963623419,0.07120199661877365,-0.004627956537680089
Time:,3.18,x:   ,1.458813885992507,2.237151929316495,0.07059305700374385,-0.004585406724509576
Time:,3.19,x:   ,1.4600214225085741,2.237051013211612,0.06998928874571038,-0.00454327470066737
Time:,3.2,x:   ,1.46121870314972,2.2369512014021105,0.06939064842513748,-0.004501555839566942
Time:,3.21,x:   ,1.4624058140361844,2.2368524801797567,0.06879709298190514,-0.004460245576273926
Time:,3.22,x:   ,1.4635828405753328,2.236754836031516,0.06820857971233087,-0.004419339406482196
Time:,3.23,x:   ,1.4647498674675572,2.2366582556363857,0.06762506626621861,-0.004378832885510717
Time:,3.24,x:   ,1.4659069787121253,2.2365627258622878,0.06704651064393467,-0.004338721627320648
Time:,3.25,x:   ,1.4670542576129748,2.236468233763017,0.06647287119350997,-0.00429900130355224
Time:,3.2600000000000002,x:   ,1.4681917867844578,2.2363747665752416,0.06590410660776848,-0.004259667642581086
Time:,3.27,x:   ,1.4693196481570316,2.2362823117155677,0.06534017592148159,-0.004220716428593209
Time:,3.2800000000000002,x:   ,1.4704379229828992,2.2361908567776454,0.06478103850854786,-0.004182143500678621
Time:,3.29,x:   ,1.471546691841599,2.236100389529334,0.06422665407919799,-0.004143944751942875
Time:,3.3000000000000003,x:   ,1.4726460346455454,2.236010897909919,0.06367698267722471,-0.004106116128636211
Time:,3.31,x:   ,1.4737360306455205,2.235922370027376,0.06313198467723714,-0.004068653629299893
Time:,3.3200000000000003,x:   ,1.4748167584361158,2.235834794155683,0.06259162078193943,-0.004031553303929329
Time:,3.33,x:   ,1.4758882959611277,2.235748158732189,0.062055852019433436,-0.003994811253153596
Time:,3.34,x:   ,1.4769507205189045,2.2356624523550166,0.06152463974054502,-0.003958423627430999
Time:,3.35,x:   ,1.478004108767647,2.235577663780522,0.06099794561617375,-0.003922386626260282
Time:,3.36,x:   ,1.479048536730663,2.2354937819207956,0.06047573163466572,-0.0038866964974071474
Time:,3.37,x:   ,1.480084079801576,2.2354107958412084,0.05995796009920924,-0.0038513495361457402
Time:,3.38,x:   ,1.4811108127494883,2.2353286947579982,0.059444593625253096,-0.0038163420845147384
Time:,3.39,x:   ,1.4821288097241003,2.235247468035906,0.058935595137947126,-0.0037816705305877374
Time:,3.4,x:   ,1.483138144260785,2.2351671051858446,0.058430927869604916,-0.0037473313077575994
Time:,3.41,x:   ,1.4841388892856184,2.235087595862618,0.057930555357188204,-0.0037133208940344597
Time:,3.42,x:   ,1.485131117120369,2.2350089298626723,0.057434441439813,-0.0036796358113570745
Time:,3.43,x:   ,1.4861148994874411,2.2349310971218923,0.05694255025627692,-0.0036462726249172107
Time:,3.44,x:   ,1.4870903075147797,2.2348540877134333,0.056454846242607666,-0.0036132279424968103
Time:,3.45,x:   ,1.4880574117407304,2.234777891845591,0.055971294129632386,-0.003580498413817612
Time:,3.46,x:   ,1.48901628211886,2.23470249985971,0.055491858940567615,-0.003548080729902986
Time:,3.47,x:   ,1.4899669880227357,2.2346279022281283,0.055016505988629665,-0.003515971622451684
Time:,3.48,x:   ,1.4909095982506646,2.2345540895521565,0.05454520087466522,-0.003484167863223265
Time:,3.49,x:   ,1.4918441810303913,2.2344810525600924,0.05407790948480184,-0.0034526662634349267
Time:,3.5,x:   ,1.4927708040237582,2.2344087821052696,0.05361459798811833,-0.0034214636731694937
Time:,3.5100000000000002,x:   ,1.4936895343313257,2.2343372691641417,0.05315523283433457,-0.0033905569807943362
Time:,3.52,x:   ,1.4946004384969531,2.234266504834395,0.05269978075152076,-0.0033599431123909505
Time:,3.5300000000000002,x:   ,1.495503582512343,2.234196480333101,0.052248208743825755,-0.003329619031194988
Time:,3.54,x:   ,1.4963990318215457,2.2341271869948924,0.05180048408922446,-0.00329958173704652
Time:,3.5500000000000003,x:   ,1.497286851325427,2.2340586162701754,0.05135657433728385,-0.003269828265850296
Time:,3.56,x:   ,1.4981671053860992,2.2339907597233704,0.05091644730694762,-0.0032403556890457726
Time:,3.5700000000000003,x:   ,1.499039857831316,2.233923609031185,0.05048007108433926,-0.0032111611130867376
Time:,3.58,x:   ,1.499905171958828,2.2338571559809126,0.05004741402058328,-0.0031822416789303
Time:,3.59,x:   ,1.5007631105407058,2.2337913924687647,0.049618444729644405,-0.003153594561535035
Time:,3.6,x:   ,1.501613735827625,2.2337263104982257,0.049193132086184754,-0.0031252169693681254
Time:,3.61,x:   ,1.5024571095531176,2.2336619021784414,0.048771445223438466,-0.0030971061439212795
Time:,3.62,x:   ,1.5032932929377865,2.233598159722631,0.048353353531104024,-0.0030692593592352405
Time:,3.63,x:   ,1.504122346693487,2.2335350754465253,0.047938826653253754,-0.0030416739214327274
Time:,3.64,x:   ,1.5049443310274735,2.2334726417668342,0.047527834486260544,-0.003014347168259609
Time:,3.65,x:   ,1.5057593056465115,2.2334108511997384,0.04712034717674155,-0.00298727646863414
Time:,3.66,x:   ,1.5065673297609574,2.2333496963594053,0.04671633511951868,-0.002960459222204111
Time:,3.67,x:   ,1.5073684620888033,2.2332891699565307,0.046315768955595776,-0.0029338928589117317
Time:,3.68,x:   ,1.50816276085969,2.2332292647969054,0.045918619570152315,-0.002907574838566066
Time:,3.69,x:   ,1.5089502838188877,2.2331699737800044,0.04552485809055345,-0.0028815026504229167
Time:,3.7,x:   ,1.5097310882312422,2.2331112898976007,0.0451344558843762,-0.0028556738127719526
Time:,3.71,x:   ,1.510505230885091,2.2330532062324013,0.04474738455745182,-0.002830085872530947
Time:,3.72,x:   ,1.5112727680961466,2.2329957159567067,0.044363615951923924,-0.002804736404847012
Time:,3.73,x:   ,1.5120337557113497,2.23293881233109,0.043983122144322456,-0.002779623012704624
Time:,3.74,x:   ,1.512788249112688,2.2328824887031025,0.04360587544365327,-0.002754743326540359
Time:,3.75,x:   ,1.5135363032209885,2.2328267385059952,0.04323184838950309,-0.0027300950038641617
Time:,3.7600000000000002,x:   ,1.5142779724996747,2.232771555257465,0.042861013750159965,-0.0027056757288870465
Time:,3.77,x:   ,1.515013310958497,2.232716932558421,0.04249334452074874,-0.0026814832121550792
Time:,3.7800000000000002,x:   ,1.515742372157231,2.23266286409177,0.042128813921381694,-0.0026575151901895126
Time:,3.79,x:   ,1.5164652092093462,2.232609343621221,0.041767395395324085,-0.0026337694251329768
Time:,3.8000000000000003,x:   ,1.5171818747856454,2.232556364990112,0.04140906260717445,-0.0026102437044015544
Time:,3.81,x:   ,1.5178924211178753,2.2325039221202547,0.04105378944105957,-0.002586935840342689
Time:,3.8200000000000003,x:   ,1.5185969000023063,2.232452009010795,0.04070154999884401,-0.0025638436698987477
Time:,3.83,x:   ,1.5192953628032864,2.2324006197370982,0.040352318598354024,-0.0025409650542761605
Time:,3.84,x:   ,1.5199878604567632,2.2323497484496464,0.04000606977161572,-0.002518297878620026
Time:,3.85,x:   ,1.5206744434737796,2.232299389372956,0.039662778263107434,-0.0024958400516940536
Time:,3.86,x:   ,1.5213551619439423,2.232249536804514,0.039322419028026086,-0.0024735895055657603
Time:,3.87,x:   ,1.5220300655388597,2.23220018511373,0.038984967230567484,-0.0024515441952968004
Time:,3.88,x:   ,1.5226992035155538,2.232151328740903,0.038650398242220385,-0.0024297020986383524
Time:,3.89,x:   ,1.523362624719846,2.23210296219621,0.038318687640074234,-0.002408061215731428
Time:,3.9,x:   ,1.5240203775897134,2.232055080058707,0.037989811205140514,-0.0023866195688120365
Time:,3.91,x:   ,1.5246725101586196,2.232007676975346,0.03766374492068745,-0.002365375201921113
Time:,3.92,x:   ,1.5253190700588182,2.2319607476600085,0.03734046497058811,-0.0023443261806190816
Time:,3.93,x:   ,1.525960104524631,2.231914286892556,0.037019947737681684,-0.0023234705917050133
Time:,3.94,x:   ,1.5265956603956985,2.231868289517893,0.0367021698021479,-0.002302806542940251
Time:,3.95,x:   ,1.5272257841202053,2.231822750445045,0.03638710793989442,-0.002282332162776436
Time:,3.96,x:   ,1.5278505217580798,2.231777664646254,0.03607473912095711,-0.002262045600087846
Time:,3.97,x:   ,1.5284699189841677,2.231733027156087,0.035765040507913085,-0.0022419450239079667
Time:,3.98,x:   ,1.529084021091381,2.231688833070554,0.03545798945430649,-0.002222028623170208
Time:,3.99,x:   ,1.5296928729938204,2.2316450775462493,0.03515356350308677,-0.00220229460645269
Time:,4.0,x:   ,1.5302965192298752,2.231601755799497,0.03485174038505947,-0.0021827412017270315
Time:,4.01,x:   ,1.5308950039652955,2.231558863105517,0.03455249801734931,-0.0021633666561110434
Time:,4.0200000000000005,x:   ,1.5314883709962428,2.2315163947975973,0.03425581450187566,-0.0021441692356252823
Time:,4.03,x:   ,1.5320766637523138,2.231474346266288,0.03396166812384006,-0.0021251472249533693
Time:,4.04,x:   ,1.532659925299542,2.231432712958599,0.033670037350225814,-0.002106298927206006
Time:,4.05,x:   ,1.5332381983433745,2.231391490377216,0.033380900828309634,-0.002087622663688639
Time:,4.0600000000000005,x:   ,1.5338115252316236,2.231350674079727,0.03309423738418504,-0.0020691167736726734
Time:,4.07,x:   ,1.5343799479573985,2.2313102596778602,0.03281002602129763,-0.0020507796141701995
Time:,4.08,x:   ,1.53494350816201,2.2312702428367346,0.032528245918991935,-0.0020326095597121546
Time:,4.09,x:   ,1.535502247137854,2.2312306192741223,0.03224887643106994,-0.002014605002129842
Time:,4.1,x:   ,1.536056205831272,2.2311913847597227,0.03197189708436103,-0.001996764350339777
Time:,4.11,x:   ,1.5366054248453873,2.231152535114446,0.03169728757730338,-0.001979086030131783
Time:,4.12,x:   ,1.5371499444429209,2.231114066209709,0.03142502777853662,-0.0019615684839602654
Time:,4.13,x:   ,1.5376898045489826,2.231075973966744,0.031155097725505707,-0.001944210170738625
Time:,4.14,x:   ,1.538225044753842,2.2310382543559117,0.030887477623075976,-0.0019270095656367548
Time:,4.15,x:   ,1.5387557043156754,2.2310009033960343,0.030622147842159168,-0.0019099651598815473
Time:,4.16,x:   ,1.539281822163293,2.23096391715373,0.030359088918350437,-0.0018930754605603647
Time:,4.17,x:   ,1.5398034368988414,2.2309272917427627,0.030098281550576214,-0.001876338990427434
Time:,4.18,x:   ,1.5403205868004881,2.2308910233234016,0.02983970659975287,-0.0018597542877130974
Time:,4.19,x:   ,1.5408333098250817,2.2308551081017858,0.029583345087456008,-0.0018433199059358651
Time:,4.2,x:   ,1.5413416436107927,2.2308195423293062,0.029329178194600423,-0.0018270344137172412
Time:,4.21,x:   ,1.5418456254797324,2.2307843223019894,0.02907718726013058,-0.001810896394599248
Time:,4.22,x:   ,1.5423452924405505,2.2307494443598963,0.028827353779721503,-0.0017949044468646167
Time:,4.23,x:   ,1.5428406811910134,2.2307149048865273,0.028579659404490018,-0.0017790571833595952
Time:,4.24,x:   ,1.5433318281205606,2.230680700308237,0.028334085939716324,-0.0017633532313193275
Time:,4.25,x:   ,1.5438187693128418,2.2306468270936577,0.028090615343575705,-0.0017477912321957488
Time:,4.26,x:   ,1.5443015405482323,2.2306132817531323,0.027849229725880383,-0.0017323698414879731
Time:,4.2700000000000005,x:   ,1.5447801773063305,2.2305800608381547,0.027609911346831408,-0.0017170877285751095
Time:,4.28,x:   ,1.5452547147684323,2.230547160940819,0.027372642615780502,-0.0017019435765514741
Time:,4.29,x:   ,1.5457251878199898,2.2305145786932767,0.027137406090001787,-0.0016869360820641584
Time:,4.3,x:   ,1.5461916310530468,2.230482310767205,0.02690418447347331,-0.001672063955152907
Time:,4.3100000000000005,x:   ,1.546654078768657,2.230450353873278,0.0266729606156683,-0.0016573259190922705
Time:,4.32,x:   ,1.5471125649792814,2.230418704760648,0.026443717510356086,-0.0016427207102359942
Time:,4.33,x:   ,1.5475671234111685,2.230387360216437,0.026216438294412565,-0.001628247077863595
Time:,4.34,x:   ,1.5480177875067134,2.230356317065233,0.025991106246640205,-0.0016139037840291045
Time:,4.3500000000000005,x:   ,1.5484645904267988,2.2303255721685944,0.02576770478659744,-0.0015996896034119316
Time:,4.36,x:   ,1.548907565053119,2.230295122424561,0.02554621747343745,-0.001585603323169806
Time:,4.37,x:   ,1.5493467439904816,2.230264964767175,0.025326628004756217,-0.0015716437427937724
Time:,4.38,x:   ,1.5497821595690944,2.2302350961660053,0.025108920215449776,-0.0015578096739652125
Time:,4.39,x:   ,1.5502138438468327,2.2302055136256826,0.024893078076580616,-0.0015440999404148271
Time:,4.4,x:   ,1.5506418286114876,2.2301762141854384,0.02467908569425315,-0.0015305133777835875
Time:,4.41,x:   ,1.5510661453829975,2.2301471949186533,0.024466927308498188,-0.0015170488334855918
Time:,4.42,x:   ,1.5514868254156613,2.230118452932409,0.0242565872921663,-0.001503705166572807
Time:,4.43,x:   ,1.5519038997003336,2.23008998536705,0.024048050149830115,-0.0014904812476016628
Time:,4.44,x:   ,1.5523173989666033,2.2300617893957497,0.023841300516695318,-0.0014773759585014715
Time:,4.45,x:   ,1.552727353684953,2.230033862224083,0.023636323157520452,-0.0014643881924446378
Time:,4.46,x:   ,1.5531337940689034,2.2300062010896062,0.023433102965545315,-0.0014515168537186257
Time:,4.47,x:   ,1.5535367500771382,2.2299788032614427,0.023231624961427975,-0.0014387608575996682
Time:,4.48,x:   ,1.5539362514156134,2.229951666039874,0.023031874292190307,-0.0014261191302281744
Time:,4.49,x:   ,1.5543323275396501,2.229924786755939,0.022833836230171975,-0.001413590608485823
Time:,4.5,x:   ,1.5547250076560084,2.229898162771034,0.02263749617199282,-0.0014011742398742947
Time:,4.51,x:   ,1.555114320724947,2.229871791476524,0.02244283963752355,-0.0013888689823956355
Time:,4.5200000000000005,x:   ,1.5555002954622645,2.2298456702933582,0.022249852268864712,-0.0013766738044342132
Time:,4.53,x:   ,1.5558829603413264,2.2298197966716886,0.022058519829333857,-0.0013645876846402475
Time:,4.54,x:   ,1.5562623435950724,2.2297941680904967,0.021868828202460854,-0.0013526096118148887
Time:,4.55,x:   ,1.5566384732180116,2.2297687820572247,0.021680763390991235,-0.0013407385847968114
Time:,4.5600000000000005,x:   ,1.5570113769681988,2.2297436361074126,0.021494311515897608,-0.0013289736123503083
Time:,4.57,x:   ,1.5573810823691963,2.2297187278043387,0.021309458815398967,-0.001317313713054853
Time:,4.58,x:   ,1.5577476167120183,2.229694054738669,0.021126191643987914,-0.0013057579151961281
Time:,4.59,x:   ,1.558111007057063,2.229669614528106,0.020944496471465717,-0.0012943052566584566
Time:,4.6000000000000005,x:   ,1.558471280236024,2.229645404817049,0.0207643598819851,-0.0012829547848186575
Time:,4.61,x:   ,1.5588284628537927,2.2296214232762526,0.020585768573100773,-0.0012717055564412725
Time:,4.62,x:   ,1.559182581290339,2.229597667602498,0.020408709354827602,-0.0012605566375751508
Time:,4.63,x:   ,1.5595336617025815,2.2295741355182597,0.020233169148706334,-0.0012495071034513872
Time:,4.64,x:   ,1.5598817300262402,2.2295508247713847,0.02005913498687691,-0.0012385560383825671
Time:,4.65,x:   ,1.5602268119776757,2.229527733134773,0.019886594011159192,-0.0012277025356633058
Time:,4.66,x:   ,1.5605689330557118,2.2295048584060617,0.01971553347214114,-0.0012169456974720765
Time:,4.67,x:   ,1.5609081185434455,2.2294821984073177,0.019545940728274327,-0.0012062846347742932
Time:,4.68,x:   ,1.5612443935100404,2.2294597509847263,0.019377803244976777,-0.001195718467226623
Time:,4.69,x:   ,1.5615777828125081,2.2294375140082967,0.019211108593742997,-0.0011852463230825302
Time:,4.7,x:   ,1.5619083110974716,2.2294154853715598,0.019045844451261257,-0.0011748673390990123
Time:,4.71,x:   ,1.562236002802918,2.2293936629912765,0.01888199859853796,-0.001164580660444518
Time:,4.72,x:   ,1.562560882159936,2.22937204480715,0.018719558920029113,-0.001154385440608042
Time:,4.73,x:   ,1.5628829731944365,2.2293506287815394,0.01855851340277879,-0.0011442808413093513
Time:,4.74,x:   ,1.5632022997288646,2.2293294128991796,0.018398850135564616,-0.0011342660324103447
Time:,4.75,x:   ,1.5635188853838937,2.2293083951669046,0.018240557308050093,-0.001124340191827529
Time:,4.76,x:   ,1.5638327535801064,2.2292875736133735,0.018083623209943854,-0.0011145025054455939
Time:,4.7700000000000005,x:   ,1.564143927539663,2.229266946288802,0.01792803623016567,-0.0011047521670320456
Time:,4.78,x:   ,1.5644524302879557,2.2292465112646975,0.01777378485601926,-0.0010950883781529327
Time:,4.79,x:   ,1.5647582846552506,2.229226266633596,0.01762085767237178,-0.0010855103480895906
Time:,4.8,x:   ,1.5650615132783143,2.229206210508804,0.017469243360839954,-0.0010760172937564476
Time:,4.8100000000000005,x:   ,1.5653621386020287,2.229186341024146,0.017318930698982816,-0.0010666084396198097
Time:,4.82,x:   ,1.5656601828809924,2.229166656333711,0.017169908559501,-0.0010572830176176792
Time:,4.83,x:   ,1.5659556681811093,2.2291471546116055,0.017022165909442517,-0.0010480402670805429
Time:,4.84,x:   ,1.5662486163811644,2.2291278340517104,0.01687569180941502,-0.0010388794346531398
Time:,4.8500000000000005,x:   ,1.5665390491743858,2.2291086928674395,0.01673047541280439,-0.0010297997742171753
Time:,4.86,x:   ,1.5668269880699952,2.229089729291502,0.01658650596499975,-0.0010208005468149899
Time:,4.87,x:   ,1.5671124543947452,2.2290709415756687,0.016443772802624726,-0.0010118810205741533
Time:,4.88,x:   ,1.5673954692944445,2.22905232799054,0.016302265352774972,-0.0010030404706329716
Time:,4.89,x:   ,1.5676760537354708,2.2290338868253188,0.01616197313226189,-0.0009942781790669049
Time:,4.9,x:   ,1.5679542285062695,2.2290156163875867,0.016022885746862534,-0.0009855934348158664
Time:,4.91,x:   ,1.5682300142188434,2.2289975150030803,0.015884992890575565,-0.0009769855336124022
Time:,4.92,x:   ,1.568503431310228,2.228979581015474,0.015748284344883307,-0.0009684537779107318
Time:,4.93,x:   ,1.5687745000439548,2.2289618127861646,0.015612749978019801,-0.0009599974768166485
Time:,4.94,x:   ,1.569043240511505,2.228944208694057,0.015478379744244809,-0.0009516159460182509
Time:,4.95,x:   ,1.569309672633747,2.228926767135356,0.01534516368312376,-0.0009433085077175103
Time:,4.96,x:   ,1.5695738161623676,2.2289094865233596,0.015213091918813544,-0.0009350744905626409
Time:,4.97,x:   ,1.5698356906812865,2.228892365288252,0.015082154659354145,-0.0009269132295812929
Time:,4.98,x:   ,1.5700953156080626,2.228875401876906,0.014952342195966042,-0.0009188240661145152
Time:,4.99,x:   ,1.570352710195288,2.2288585947526816,0.01482364490235337,-0.0009108063477515247
