Grav Comp,0.0,dT,0.01,Substep Number,10
Time,State History
Time:,0.0,x:   ,1.5707963267948966,0.0,0.0,0.0,0.0,0.0,18.798428194038003,0.0,18.798428194038003
Time:,0.01,x:   ,1.5722557754726976,-0.001950602834572695,0.0007574805586932499,0.23484698230830972,0.07099833804406001,0.00968114538219025,18.798428192050384,0.02115907495130916,18.777269117099074
Time:,0.02,x:   ,1.5766340171503703,-0.007802033219246822,0.003029428690282805,0.4696938214296077,0.14199638195880707,0.019362328529927607,18.798428260536603,0.08463564168180204,18.7137926188548
Time:,0.03,x:   ,1.5839301261667198,-0.0175508514717891,0.006810771075910102,0.7045380980183071,0.21299126435717264,0.029043748934980778,18.798429259838386,0.19042385339372503,18.60800540644466
Time:,0.04,x:   ,1.5941405528949577,-0.03118381608542908,0.012081497561859758,0.9393710073206908,0.28397422321354476,0.038725959166665824,18.79843395981009,0.3385002711772266,18.459933688632862
Time:,0.05,x:   ,1.607256179562758,-0.04866693296764154,0.018790036898616108,1.1741731038679961,0.3549275100193533,0.04841002888933449,18.79844835244864,0.5288027570589643,18.269645595389676
Time:,0.06,x:   ,1.6232583729707744,-0.06993080146788748,0.026831242616271154,1.4089101085123414,0.4258221308491896,0.058097611908176694,18.79848343207101,0.7612017582494718,18.03728167382154
Time:,0.07,x:   ,1.6421143522081685,-0.09485341334847905,0.036020958140917395,1.6435288711027265,0.49661740786828273,0.06779080762198515,18.79855786416476,1.035466321695908,17.763091542468853
Time:,0.08,x:   ,1.663772439274587,-0.12324247100028798,0.04607066449183295,1.8779536422573175,0.5672637265238429,0.07749167600200005,18.798701921005666,1.3512286866692538,17.447473234336414
Time:,0.09,x:   ,1.688158012175179,-0.15482021704157392,0.056567249418268906,2.1120828664323477,0.6377098818146912,0.08720127959566404,18.79896263379433,1.7079525073211008,17.09101012647323
Time:,0.1,x:   ,1.71517109761536,-0.18921422630584156,0.06696364079430453,2.3457867440796702,0.7079158500832244,0.09691821795245502,18.799409203990837,2.104909780635303,16.694499423355534
Time:,0.11,x:   ,1.744686370019892,-0.22595705577270234,0.07658499358083691,2.5789057972854934,0.7778704708740781,0.1066367854989405,18.800136608751096,2.5411697554965382,16.258966853254556
Time:,0.12,x:   ,1.776555803903273,-0.2644958575076506,0.08465197459471031,2.811250593015476,0.8476117415792307,0.11634505848045723,18.8012647520112,3.0155997653863373,15.785664986624862
Time:,0.13,x:   ,1.810613492474474,-0.30421050654469306,0.09031833348217681,3.042602636885328,0.9172459654440633,0.12602329510177107,18.802931206723603,3.526874477420385,15.276056729303217
Time:,0.14,x:   ,1.846681505475753,-0.3444365650795926,0.09271630101004752,3.2727162854786744,0.9869616426103617,0.13564294901068333,18.805277604322132,4.073488218675721,14.73178938564641
Time:,0.15,x:   ,1.8845754131326637,-0.38448854584731035,0.09100221159207281,3.5013213926748095,1.0570349891869404,0.14516639586571858,18.808432102164733,4.653765614649114,14.15466648751562
Time:,0.16,x:   ,1.9241083371733798,-0.42367974483229376,0.08439652540540038,3.7281263509700495,1.1278257821731292,0.15454729815053936,18.812491832432382,5.265868106981585,13.546623725450798
Time:,0.17,x:   ,1.9650929400836625,-0.4613367930619249,0.07221598635884793,3.9528212231278457,1.1997639754653822,0.163731520985685,18.81750923217917,5.907796639778654,12.909712592400513
Time:,0.18,x:   ,2.007341363392911,-0.49680906925278445,0.053899243231770665,4.175080757008533,1.2733286002595732,0.17265870451864493,18.823485084525835,6.5773928741496075,12.246092210376228
Time:,0.19,x:   ,2.050663581867441,-0.5294745111238144,0.029029591241153285,4.394567194625306,1.34902079491448,0.18126494466958626,18.830369800524423,7.272342412986941,11.558027387537482
Time:,0.2,x:   ,2.0948648989832837,-0.5587439356116105,-0.0026409077503523454,4.610932888285479,1.4273327454043825,0.1894874370399748,18.838073500497792,7.990183864025177,10.847889636472615
Time:,0.21,x:   ,2.139743406361172,-0.5840658247369236,-0.041162728979604636,4.823822800964381,1.5087142657301245,0.19727228414154013,18.846484815617103,8.728327296698698,10.118157518918405
Time:,0.22,x:   ,2.1850882095982698,-0.6049328292492467,-0.08635490840588941,5.032876988093087,1.5935389387356556,0.2045867969334199,18.855497580518193,9.484084590516042,9.37141299000215
Time:,0.23,x:   ,2.2306790841319555,-0.620890129552312,-0.13776864181474824,5.237733135952824,1.6820721229815663,0.21143730739126548,18.865043129202803,10.254711828301087,8.610331300901715
Time:,0.24,x:   ,2.2762879281197654,-0.6315444682937762,-0.19465507941881285,5.438029176407904,1.7744433899202887,0.21789249655291285,18.875123446199517,11.037459814251243,7.837663631948272
Time:,0.25,x:   ,2.3216819126448716,-0.6365715538898312,-0.2559462015028107,5.633405924217216,1.8706256316768117,0.2241104669299569,18.885837598217126,11.82962344191878,7.0562141562983465
Time:,0.26,x:   ,2.366627699426177,-0.6357193148878092,-0.32025627309491145,5.82350961237437,1.9704218987456878,0.2303656733607843,18.897392579449786,12.628576098874602,6.268816480575183
Time:,0.27,x:   ,2.410895757533757,-0.6288057756152109,-0.3859052967449145,6.007994149926099,2.07345928181557,0.23707035040950492,18.910092180347238,13.431774746863123,5.478317433484115
Time:,0.28,x:   ,2.454263941128315,-0.6157130569245397,-0.45095698394974704,6.186522897207817,2.179187780156177,0.24478521349786403,18.924303953798496,14.236726451629222,4.687577502169274
Time:,0.29,x:   ,2.4965201570760813,-0.59638215809605,-0.513256602411677,6.358769732051966,2.2868821419467484,0.25421595386944684,18.940411599018955,15.040915810450196,3.8994957885687582
Time:,0.3,x:   ,2.5374648972268483,-0.5708153596410142,-0.5704527421041042,6.524419159046192,2.3956464374398063,0.26619396804075884,18.95876397721206,15.841700524777295,3.1170634524347682
Time:,0.31,x:   ,2.576915215171139,-0.5390935650463249,-0.6199919590180726,6.683165215529034,2.5044239191550544,0.28163986564511395,18.979632547974074,16.636187893782132,2.3434446541919414
Time:,0.32,x:   ,2.6147120754912305,-0.5014148867869327,-0.6590831421573368,6.834709020058042,2.612017249146011,0.30150544603870244,19.00319307533955,17.421113657051972,1.5820794182875761
Time:,0.33,x:   ,2.6507327492385704,-0.4581586352002985,-0.6846355228201456,6.978755098214586,2.7171251228958586,0.32668445637409,19.02956678119969,18.19276740170887,0.8367993794908206
Time:,0.34,x:   ,2.684908917363289,-0.40997497450222,-0.6931787315427819,7.115007222337084,2.818399336530682,0.3578764093266876,19.05900428228431,18.94705774683416,0.11194653545014854
Time:,0.35000000000000003,x:   ,2.717249051058612,-0.35789286844432416,-0.6807754588004059,7.243165429218585,2.914519721415801,0.39538423814846624,19.092384139431896,19.67989149918892,-0.5875073597570217
Time:,0.36,x:   ,2.7478601603130137,-0.3034247804272458,-0.6429393486394902,7.362926752814094,3.004271407326445,0.43883018281699365,19.132324793618338,20.388137281460256,-1.2558124878419177
Time:,0.37,x:   ,2.7769594284156254,-0.24862273248418645,-0.5745859549300145,7.473991795610937,3.0865892277330587,0.48678999017047136,19.185318685289047,21.07147420216405,-1.8861555168750033
Time:,0.38,x:   ,2.8048615500261707,-0.19599627608913078,-0.4701402056013918,7.57607538384434,3.160509453655515,0.5363777754873897,19.265116697192894,21.73509353228752,-2.4699768350946267
Time:,0.39,x:   ,2.831922245533361,-0.14809184997779593,-0.3243478291763262,7.668910890355611,3.2249458066063803,0.582882721949395,19.39593984185684,22.39143343203911,-2.9954935901822712
Time:,0.4,x:   ,2.858412760871131,-0.10627799753338274,-0.13554928007525172,7.752230441677659,3.278251829600365,0.6197524889279417,19.607543032833057,23.05318002399315,-3.4456369911600926
Time:,0.41000000000000003,x:   ,2.8843499962181296,-0.06841582994939609,0.0864573598321377,7.8257227641883205,3.317985245879458,0.639539461786899,19.90533893386385,23.70452410929573,-3.799185175431879
Time:,0.42,x:   ,2.9095419164457974,-0.02788185851991821,0.3152865594647909,7.889034227084368,3.3420667486759688,0.6361151755123317,20.232746857662946,24.274724655302453,-4.0419777976395075
Time:,0.43,x:   ,2.934027258363412,0.02208612788322869,0.5207958808632962,7.941853052064411,3.3505004452733678,0.6076591067193986,20.50738225628045,24.685619372288894,-4.178237116008443
Time:,0.44,x:   ,2.9583139020288067,0.08376273613345442,0.6847570081730573,7.983934403780719,3.3446046186692553,0.5587495189995997,20.696848588788065,24.920335721922218,-4.223487133134152
Time:,0.45,x:   ,2.983196815238637,0.15529732362434034,0.8006865946087632,8.015015358813768,3.3253146053280456,0.49867195261993197,20.820093013795827,25.012627839856407,-4.192534826060578
Time:,0.46,x:   ,3.009557446618259,0.2328483087837785,0.8683354816379526,8.034786045586847,3.292781560875402,0.43750322215542214,20.908646846548997,25.004558269877876,-4.095911423328878
Time:,0.47000000000000003,x:   ,3.0382425264499897,0.31214493035780516,0.8904972076553459,8.042956294489633,3.246790181621938,0.3831916055886254,20.98434890685724,24.925333160671553,-3.9409842538143134
Time:,0.48,x:   ,3.0699777003035233,0.38938297787117987,0.871590944411283,8.039319734755997,3.1872830385533693,0.3404809067233384,21.056367597762808,24.789710461828765,-3.733342864065958
Time:,0.49,x:   ,3.105325597782441,0.4615902234315213,0.8169095291255501,8.023761425852129,3.1146968471103875,0.31113466909104065,21.125619230618803,24.60295304501533,-3.477333814396528
Time:,0.5,x:   ,3.144700370070964,0.5265675743290686,0.7322675313243288,7.996228889058198,3.030058395284503,0.2946642964971248,21.18931587004636,24.365367652124462,-3.1760517820781002
Time:,0.51,x:   ,3.188413038915015,0.5825828588485973,0.6240459215490378,7.956700300380717,2.9349372502155333,0.28902483607900326,21.24391169135711,24.075219077660783,-2.831307386303674
Time:,0.52,x:   ,3.236701605971366,0.628024719726413,0.49950281761401294,7.90516392928885,2.831402627140105,0.2911472468568751,21.287173916040132,23.73104178999081,-2.44386787395068
Time:,0.53,x:   ,3.28971070517385,0.6612061947096209,0.3669708010661667,7.8416083430589945,2.7220717547108335,0.2974702055971714,21.319868181317034,23.333865361593073,-2.013997180276041
Time:,0.54,x:   ,3.3474268522949964,0.6804403219338351,0.2354329128600126,7.766022204671967,2.6101904045088076,0.30464386390236303,21.346133388725676,22.888199641892207,-1.5420662531665315
Time:,0.55,x:   ,3.4096302130672944,0.6843295987533682,0.1133527378299314,7.678406707254408,2.4995499180063154,0.3102518462300449,21.37162211345711,22.400470763982554,-1.0288486505254422
Time:,0.56,x:   ,3.475928762065781,0.6720124508700351,0.0074292676569295574,7.578800624426304,2.3941068102794216,0.31312373287864786,21.400804703555814,21.876105383487815,-0.47530067993200276
Time:,0.5700000000000001,x:   ,3.5458665322590948,0.6431624190670394,-0.07786974430116617,7.467308485992927,2.297427351116054,0.3130863136469309,21.435649892461942,21.3176826784374,0.11796721402454202
Time:,0.58,x:   ,3.619035183331837,0.5977960362070375,-0.13990704206873894,7.34412120493135,2.2122009919335457,0.31047142178423204,21.475738635686938,20.72453834063741,0.7512002950495289
Time:,0.59,x:   ,3.69513402767092,0.5360797296392391,-0.1771622738566064,7.209527546245079,2.1399143923150348,0.3057323569147115,21.518554803197034,20.092680498634635,1.4258743045623992
Time:,0.6,x:   ,3.773962444494317,0.45828360052275763,-0.18874227113285386,7.063921577191328,2.0805857938764603,0.2992742827454275,21.559322036276765,19.414362272027482,2.1449597642492817
Time:,0.61,x:   ,3.855332674144003,0.3649961221252168,-0.17445560733141513,6.907810191162018,2.0324078309414593,0.29145737086820916,21.59076600831608,18.677795330973588,2.9129706773424915
Time:,0.62,x:   ,3.938867715112383,0.2577532324246174,-0.13576503699449885,6.741818611949155,1.99130347654755,0.28271282604611053,21.604422252827813,17.869158702332342,3.735263550495471
Time:,0.63,x:   ,4.023669907261065,0.14013203742280797,-0.0777151139418176,6.5666858913284125,1.9509813924220032,0.2736633505186489,21.596280304398206,16.980832161882073,4.615448142516131
Time:,0.64,x:   ,4.108064233462723,0.01856258159118102,-0.010449059494695098,6.383251668059162,1.9049221824207239,0.2649890776762612,21.574709280814986,16.024329124965565,5.550380155849419
Time:,0.65,x:   ,4.189912557412842,-0.0989213237831356,0.05300168074884862,6.192456167701169,1.8503089828321417,0.2569567351025072,21.556380093589965,15.029975388573213,6.526404705016751
Time:,0.66,x:   ,4.267477067371597,-0.20586156059896657,0.10241533715351948,5.995332265964357,1.7895467875829365,0.2492535901377813,21.550110100861527,14.027382342698754,7.522727758162774
Time:,0.67,x:   ,4.339912040520948,-0.2991421192632428,0.133424542215305,5.792926734029738,1.7272163312798368,0.24141300013417438,21.553446931602235,13.034359272298905,8.51908765930333
Time:,0.68,x:   ,4.407066838310488,-0.37825003517248246,0.1460398854116583,5.586194485495466,1.6668753528600657,0.23315455753044373,21.560826099607013,12.060768478480366,9.500057621126645
Time:,0.6900000000000001,x:   ,4.469114804220824,-0.4439208782875693,0.14218822395423614,5.37594522878279,1.6102353314747253,0.2243938118449049,21.56841499750543,11.113284602966091,10.455130394539339
Time:,0.7000000000000001,x:   ,4.526320777438918,-0.4972902026432324,0.12425074957025455,5.162842543536181,1.5576055322057722,0.21515125517438247,21.57451900303995,10.197127346769712,11.377391656270238
Time:,0.71,x:   ,4.578942867001144,-0.5395270816831731,0.09448830079693146,4.947424313003537,1.508488517132211,0.2054887377367061,21.578760857091126,9.316453219162788,12.262307637928338
Time:,0.72,x:   ,4.627202589736642,-0.5717111961198369,0.05489255839889874,4.730125925387093,1.462005620498411,0.19548113972305417,21.581378210607937,8.474473405388892,13.106904805219045
Time:,0.73,x:   ,4.671282522813151,-0.594807559791067,0.007193324325849883,4.511300179738964,1.4171547454417779,0.18520702408841505,21.58281824010028,7.67356428040408,13.909253959696201
Time:,0.74,x:   ,4.711333218540143,-0.6096742744718162,-0.047093423210931885,4.291233045780442,1.372957187957892,0.17474694729402715,21.583539110023352,6.9153937908247585,14.668145319198596
Time:,0.75,x:   ,4.747482050665671,-0.6170777443559657,-0.1066198815054882,4.070155886589542,1.3285376469444397,0.16418385089779705,21.58392601028943,6.20104871260907,15.382877297680363
Time:,0.76,x:   ,4.779841122883824,-0.6177058772114712,-0.17017678945273063,3.8482549445864196,1.2831641397137494,0.15360303121293845,21.584264841129496,5.531151947130814,16.053112893998684
Time:,0.77,x:   ,4.808513134771524,-0.6121763631177648,-0.23668093408697993,3.6256787686254586,1.2362629763718198,0.14309072726263636,21.58474296349918,4.905966002868851,16.67877696063033
Time:,0.78,x:   ,4.833594890758397,-0.6010400526278237,-0.3051750794322263,3.402544110594001,1.1874176212736192,0.13273129932725047,21.585461525813717,4.3254827468884445,17.259978778925273
Time:,0.79,x:   ,4.855178611239116,-0.5847808858817826,-0.37483310811105913,3.178940704945557,1.1363571940004578,0.12260360285804622,21.586451714374473,3.7895008778907715,17.796950836483703
Time:,0.8,x:   ,4.873351536932662,-0.5638143699712037,-0.4449632258420965,2.954935260212902,1.082938939961663,0.11277747825758318,21.587691083919474,3.2976924739258875,18.289998609993585
Time:,0.81,x:   ,4.8881945024711735,-0.5384864679632027,-0.5150040919049428,2.730574923394016,1.0271281799361263,0.10331121828588424,21.589117916974082,2.8496593349199313,18.73945858205415
Time:,0.8200000000000001,x:   ,4.899780173311116,-0.5090741937826463,-0.5845116402828391,2.5058904180287485,0.9689784853901423,0.09425050990737116,21.590642499686613,2.4449793225238756,19.14566317716274
Time:,0.8300000000000001,x:   ,4.908171525938656,-0.4757885328010789,-0.6531369603273679,2.2808990042727326,0.9086139882689298,0.08562886662136451,21.592154857673187,2.0832427638936304,19.508912093779557
Time:,0.84,x:   ,4.913420981838038,-0.43877980856463844,-0.7205971842276157,2.055607367088761,0.8462149120353073,0.07746916829525685,21.593529047251756,1.7640791488491605,19.829449898402597
Time:,0.85,x:   ,4.915570454460737,-0.39814541396276865,-0.7866418256368113,1.8300145084557724,0.7820067306627184,0.06978571154317428,21.594624554863287,1.4871745825006477,20.10744997236264
Time:,0.86,x:   ,4.914652473267242,-0.3539398878463702,-0.8510168365465521,1.6041146999024662,0.7162528720098893,0.06258613782973727,21.595285734072206,1.2522806004325873,20.34300513363962
Time:,0.87,x:   ,4.910692506608302,-0.3061875262245884,-0.9134283257523677,1.3779005387190018,0.6492505353941305,0.05587268093133833,21.595340586350304,1.059215022554134,20.53612556379617
Time:,0.88,x:   ,4.903712581912429,-0.2548979221584111,-0.9735078322911987,1.1513661392588046,0.5813288853707502,0.04964229038401821,21.594600682009723,0.9078556710674438,20.68674501094228
Time:,0.89,x:   ,4.893736243654052,-0.20008486891463517,-1.0307815032038334,0.9245104731376149,0.5128484975172578,0.04388530740103792,21.592864667869673,0.7981282160805907,20.79473645178908
Time:,0.9,x:   ,4.880794731700785,-0.14178875569984162,-1.084646501672673,0.6973408412174854,0.44420038931022027,0.03858250580520782,21.589928445551624,0.7299902541469637,20.859938191404662
Time:,0.91,x:   ,4.864933944933413,-0.08010175289407467,-1.1343591915768885,0.4698764078275211,0.3758023057665017,0.033700520425995875,21.58560514514291,0.7034147732664834,20.882190371876426
Time:,0.92,x:   ,4.846221265612362,-0.015193648603145274,-1.1790404137498016,0.24215164762131233,0.3080893982241012,0.029186055894043397,21.579756390975124,0.7183766729228974,20.861379718052227
Time:,0.93,x:   ,4.824750769075928,0.052665589776724316,-1.2177023630917387,0.014219451204906714,0.24149656902096595,0.02495986093441645,21.572331929848787,0.7748447745855824,20.797487155263205
Time:,0.9400000000000001,x:   ,4.8006450247446235,0.12309180106292181,-1.2492980553184572,-0.21384646730892912,0.17643121401518158,0.020912193791987974,21.563407633181505,0.8727779503959281,20.690629682785577
Time:,0.9500000000000001,x:   ,4.774052019439008,0.19558610829200582,-1.2727880269137088,-0.44195026206049887,0.11323811836247512,0.016902073575063573,21.553205385542018,1.0121187814027652,20.541086604139252
Time:,0.96,x:   ,4.745136940503594,0.2695499508865807,-1.287211781013428,-0.6699740583479262,0.052161952684291774,0.012762493524373069,21.542078354642477,1.192775349951157,20.34930300469132
Time:,0.97,x:   ,4.714070331015621,0.3443128974719646,-1.291747492440895,-0.8977795159644683,-0.0066848865711682925,0.008312610933744928,21.53045563713122,1.4145852212533483,20.115870415877872
Time:,0.98,x:   ,4.681015583770327,0.4191660450246668,-1.2857458358126346,-1.125210529136536,-0.06334231495695118,0.00337600523961122,21.51875748301299,1.6772645606248182,19.841492922388174
Time:,0.99,x:   ,4.6461190049810925,0.49339240129768563,-1.268731957439294,-1.3520964209401065,-0.11800774904284467,-0.0021976507899369928,21.507305344337908,1.980353385723646,19.526951958614262
