Grav Comp,0.0,dT,0.005,Substep Number,1
Time,State History
Time:,0.0,x:   ,2.6179938779914944,0.0,0.0,0.0,0.0,0.0,-1.5411837692321253,0.0,-1.5411837692321253
Time:,0.005,x:   ,2.6181826802831356,-0.00026201248611988046,0.00011675306321636721,0.058722674994941534,0.01775616376495107,0.00242622456093536,-1.5411834995337998,0.001343582811160601,-1.5425270823449604
Time:,0.01,x:   ,2.6187489055052082,-0.0010474997024528105,0.0004662624729231165,0.11743346716453762,0.03551383914805242,0.0048522629703101885,-1.5411810626415339,0.005372202810266874,-1.5465532654518008
Time:,0.015,x:   ,2.6196918246262513,-0.0023542460778462307,0.0010454934937842407,0.17610885615426256,0.05327627847618606,0.007277749250099958,-1.5411742573644218,0.012076277398764228,-1.553250534763186
Time:,0.02,x:   ,2.6210099757242875,-0.004177800581587515,0.001848335293360909,0.23472531557769066,0.07104667312288017,0.009702326034960004,-1.5411608465161075,0.0214377760302913,-1.5625986225463988
Time:,0.025,x:   ,2.6227011612140787,-0.0065114667362206925,0.0028655932724724878,0.29325931545352685,0.08882810645801664,0.012125652152318585,-1.5411385502289658,0.033430378240720725,-1.5745689284696867
Time:,0.03,x:   ,2.624762445530242,-0.009346294701815253,0.0040849906436288665,0.35168732527267105,0.106623509732905,0.01454740988830623,-1.5411050345571926,0.04801970935934631,-1.589124743916539
Time:,0.035,x:   ,2.6271901536845244,-0.01267107698033203,0.005491181949806357,0.4099858179367792,0.1244356220241452,0.01696731180011596,-1.5410579010083472,0.06516364746014444,-1.6062215484684916
Time:,0.04,x:   ,2.629979871211207,-0.01647234963898819,0.007065781783095411,0.46813127478948946,0.14226695524557706,0.019385106945162635,-1.540994683610328,0.08481269336977416,-1.6258073769801022
Time:,0.045,x:   ,2.6331264460891686,-0.02073440122333423,0.008787412375728923,0.5261001919348791,0.16011976508017298,0.02180058641113738,-1.540912860451042,0.10691039424322568,-1.6478232546942677
Time:,0.05,x:   ,2.636623993277011,-0.025439291703961905,0.01063177395789555,0.5838690880051256,0.1779960284815216,0.024213588048773278,-1.540809886236592,0.1313938104276825,-1.6722036966642744
Time:,0.055,x:   ,2.640465902513746,-0.030566883857024153,0.012571741775758365,0.6414145135012996,0.19589742814845898,0.02662400033056883,-1.5406832512666104,0.15819401511018794,-1.6988772663767984
Time:,0.06,x:   ,2.6446448500176793,-0.03609488940331152,0.01457749341586476,0.6987130617884845,0.2138253440906262,0.029031765283163157,-1.540530570349134,0.1872366165992715,-1.7277671869484057
Time:,0.065,x:   ,2.6491528146575725,-0.041998932014351,0.01661666957744128,0.7557413817800567,0.2317808520855369,0.031436880467382584,-1.540349702664283,0.2184422939978961,-1.758791996662179
Time:,0.07,x:   ,2.653981099072302,-0.048252628935402934,0.01865457067646019,0.8124761922972996,0.2497647284918392,0.03383940000663457,-1.5401389005949417,0.2517273384143721,-1.7918662390093139
Time:,0.075,x:   ,2.6591203560800363,-0.0548276924822945,0.02065439067792961,0.8688942980411324,0.267777460545826,0.03623943468948043,-1.5398969822927802,0.287004193616213,-1.826901175908993
Time:,0.08,x:   ,2.664560620550247,-0.06169405206024889,0.02257748837855174,0.9249726070643997,0.2858192609492925,0.0386371511939697,-1.5396235195050862,0.3241819920094916,-1.863805511514578
Time:,0.085,x:   ,2.6702913467195892,-0.06881999665738778,0.02438369506280033,0.9806881495877555,0.30389008527890765,0.04103277049796697,-1.539319029245073,0.36316708384689983,-1.9024861130919728
Time:,0.09,x:   ,2.6763014507263883,-0.07617233702203699,0.026031656109639915,1.0360180979615525,0.3219896505325947,0.043426565550058,-1.5389851555367895,0.40386355944348656,-1.942848714980276
Time:,0.095,x:   ,2.6825793579308606,-0.08371658598699322,0.027479202822905356,1.0909397875420446,0.34011745299674456,0.045818858279282705,-1.5386248259698434,0.4461737657275943,-1.9847985916974378
Time:,0.1,x:   ,2.6891130543930233,-0.09141715470450931,0.028683749586785896,1.14543073822408,0.35827278358427334,0.048210016019486365,-1.5382423673625714,0.4899988195174441,-2.0282411868800154
Time:,0.105,x:   ,2.6958901417111787,-0.09923756195077893,0.02960271049363057,1.1994686763553692,0.3764547388655007,0.05060044741711808,-1.5378435655781093,0.5352391203733537,-2.073082685951463
Time:,0.11,x:   ,2.7028978942930233,-0.10714065319010638,0.030193928923876293,1.253031556749952,0.39466222619125063,0.05299059788236942,-1.537435656489981,0.5817948656675646,-2.1192305221575456
Time:,0.115,x:   ,2.7101233180483257,-0.11508882578844797,0.030416113223760904,1.306097584520726,0.4128939615815339,0.05538094463580623,-1.5370272381733323,0.629566569634551,-2.1665938078078835
Time:,0.12,x:   ,2.7175532094624697,-0.12304425665173929,0.030229271643723257,1.3586452364623882,0.4311484594068543,0.05777199139949412,-1.5366280984282663,0.6784555866720919,-2.215083685100358
Time:,0.125,x:   ,2.725174214035514,-0.13096912863915308,0.02959514005665322,1.4106532817359194,0.44942401329960363,0.06016426278617582,-1.536248956468845,0.7283646371694698,-2.2646135936383147
Time:,0.13,x:   ,2.7329728831489297,-0.1388258523525499,0.02847759662903314,1.4621008016325228,0.4677186681734383,0.06255829845469832,-1.5359011227263748,0.7791983317988436,-2.3150994545252184
Time:,0.135,x:   ,2.740935728545053,-0.14657728030462813,0.026843058503805153,1.5129672082270411,0.4860301836712636,0.06495464712583082,-1.535596085887735,0.8308636877008664,-2.3664597735886015
Time:,0.14,x:   ,2.7490492737626804,-0.1541869109828847,0.024660856588727437,1.5632322617666008,0.50435598978152,0.06735386058967437,-1.535345041194757,0.8832706275177268,-2.4186156687124836
Time:,0.145,x:   ,2.7573001020541335,-0.16161908091126856,0.021903585636889253,1.6128760866777527,0.5226931357358843,0.06975648788235904,-1.5351583783778886,0.9363324499614492,-2.4714908283393378
Time:,0.15,x:   ,2.765674900501763,-0.16883914342109085,0.01854742786627092,1.661879186112999,0.5410382336127597,0.07216306986255873,-1.5350451511475927,0.9899662587188012,-2.525011409866394
Time:,0.155,x:   ,2.7741605002426954,-0.17581363343414932,0.01457244931062677,1.710222454993821,0.5593873983096825,0.074574134473227,-1.5350125527443974,1.044093335124603,-2.5791058878690003
Time:,0.16,x:   ,2.7827439128883076,-0.18251041809638047,0.009962868857303702,1.757887191540875,0.5777361857096428,0.07699019302566724,-1.5350654235412486,1.0986394392880738,-2.6337048628293225
Time:,0.165,x:   ,2.791412363380048,-0.18889883354978154,0.0047073004608733605,1.8048551073119563,0.596079530952082,0.07941173788582039,-1.5352058170480696,1.1535350243048894,-2.688740841352959
Time:,0.17,x:   ,2.800153319648615,-0.19494980847318724,-0.00120103070189215,1.8511083357939782,0.6144116887336643,0.08183924197046567,-1.5354326498853699,1.2087153488737898,-2.7441479987591597
Time:,0.17500000000000002,x:   ,2.808954519534471,-0.20063597524769203,-0.00776409735484645,1.8966294396161758,0.6327261775139643,0.08427316046793171,-1.535741459404473,1.264120475079336,-2.799861934483809
Time:,0.18,x:   ,2.8178039954817717,-0.20593176970828284,-0.014978903972138559,1.9414014164679252,0.6510157293952394,0.08671393517830775,-1.5361242896937517,1.3196951403009565,-2.855819429994708
Time:,0.185,x:   ,2.8266900975347764,-0.21081352043614363,-0.02283734524399077,1.9854077038160227,0.6692722472917538,0.08916200181708583,-1.5365697227920827,1.3753884951481439,-2.9119582179402266
Time:,0.19,x:   ,2.8356015151472334,-0.2152595284398411,-0.031326089647375537,2.028632182523271,0.687486770810317,0.09161780053969523,-1.5370630671085792,1.4311537029765995,-2.9682167700851787
Time:,0.195,x:   ,2.8445272982642607,-0.2192501378877867,-0.04042648930513127,2.0710591794731315,0.7056494520364254,0.09408178981994704,-1.53758670939947,1.486947400874258,-3.024534110273728
Time:,0.2,x:   ,2.8534568780573424,-0.22276779831309249,-0.05011451803341485,2.1126734693044824,0.7237495421654209,0.09655446365229395,-1.5381206302646342,1.5427290269700273,-3.0808496572346615
Time:,0.20500000000000002,x:   ,2.862380087591903,-0.22579711844243525,-0.06036074013620813,2.153460275356718,0.7417753896406836,0.09903637184774934,-1.5386430760972265,1.5984600244437297,-3.137103100540956
Time:,0.21,x:   ,2.871287182590064,-0.2283249115317116,-0.07113031302694871,2.1934052699190256,0.7597144501664886,0.10152814296098024,-1.539131372875433,1.6541029386072075,-3.1932343114826405
Time:,0.215,x:   ,2.8801688623261152,-0.23034023185205688,-0.08238302706607743,2.232494573869349,0.77755330865797,0.10403050912958653,-1.5395628592934112,1.7096204297493087,-3.24918328904272
Time:,0.22,x:   ,2.8890162905668535,-0.23183440178731518,-0.094073386035353,2.2707147557787577,0.7952777128821832,0.10654433183765155,-1.5399159087115764,1.7649742309058114,-3.3048901396173878
Time:,0.225,x:   ,2.8978211163515653,-0.23280102890147542,-0.1061507313791195,2.3080528305464028,0.8128726182417169,0.10907062734957353,-1.5401710015583692,1.8201240860815544,-3.3602950876399236
Time:,0.23,x:   ,2.906575494304985,-0.2332360123289288,-0.11855941270795126,2.344496257619415,0.8303222428664173,0.11161059031516125,-1.5403118025084266,1.875026710397669,-3.4153385129060956
Time:,0.23500000000000001,x:   ,2.9152721040983547,-0.2331375379403146,-0.13123900609018138,2.380032938841645,0.8476101319214362,0.11416561384296256,-1.5403261904464802,1.9296348187710595,-3.4699610092175397
Time:,0.24,x:   ,2.923904168624482,-0.23250606194070625,-0.14412458039443685,2.414651215965505,0.8647192298230943,0.11673730419581593,-1.5402071844218461,1.9838962735990895,-3.5241034580209356
Time:,0.245,x:   ,2.9324654704361843,-0.23134428285226277,-0.15714701046800011,2.44833986785287,0.8816319588891097,0.11932748819867574,-1.5399537060680948,2.037753404014609,-3.5777071100827036
Time:,0.25,x:   ,2.9409503660147123,-0.22965710219641605,-0.17023333434800414,2.4810881073843167,0.8983303028453669,0.12193821147760216,-1.5395711188767809,2.091142549071339,-3.63071366794812
Time:,0.255,x:   ,2.9493537974837856,-0.22745157458764234,-0.18330715013302556,2.51288557809126,0.9147958935727796,0.12457172577788811,-1.5390714878001965,2.1439938742172266,-3.683065362017423
Time:,0.26,x:   ,2.9576713014607097,-0.22473684834142446,-0.1962890467287527,2.5437223505227515,0.9310100995054319,0.1272304638383698,-1.5384735093419302,2.1962315041884266,-3.7347050135303568
Time:,0.265,x:   ,2.9658990148311086,-0.22152409803975848,-0.20909706155489122,2.573588918357888,0.9469541141804871,0.12991700061957712,-1.537802072842155,2.24777400571435,-3.785576078556505
Time:,0.27,x:   ,2.9740336773384857,-0.217826450746868,-0.22164715757277492,2.6024761942755927,0.9626090435817644,0.1326340000794819,-1.5370874281272475,2.2985352400549983,-3.835622668182246
Time:,0.275,x:   ,2.982072630983649,-0.21365890769055362,-0.23385371174222347,2.630375505595681,0.9779559910987287,0.1353841471403183,-1.5363639528635837,2.3484255885174155,-3.884789541380999
Time:,0.28,x:   ,2.9900138163217616,-0.2090382631963137,-0.24563000727757692,2.657278589708068,0.9929761391245657,0.13817006496819448,-1.5356685343438108,2.397353534104106,-3.933022068447917
Time:,0.28500000000000003,x:   ,2.9978557658175986,-0.20398302247091069,-0.25688872283638436,2.683177589310226,1.0076508265237478,0.14099421816882013,-1.535038604263951,2.4452275599968787,-3.9802661642608297
Time:,0.29,x:   ,3.0055975944660864,-0.1985133194827419,-0.26754241298705306,2.708065047475969,1.0219616213947875,0.1438588029654355,-1.5345098902761487,2.491958301612658,-4.026468191888807
Time:,0.295,x:   ,3.0132389879019965,-0.1926508356951915,-0.27750397587679326,2.7319339025809355,1.0358903887241322,0.14676562585222522,-1.5341139734441014,2.5374608646720653,-4.071574838116167
Time:,0.3,x:   ,3.0207801882096423,-0.18641871980435792,-0.28668710584973206,2.754777483111357,1.0494193526628024,0.14971597259843378,-1.5338757647188617,2.5816571984984646,-4.115532963217326
Time:,0.305,x:   ,3.0282219776035264,-0.17984150795016646,-0.29500673073121325,2.7765895023827083,1.062531153253553,0.15271046981279973,-1.5338110345944496,2.6244783931796714,-4.158289427774121
Time:,0.31,x:   ,3.0355656600895604,-0.17294504314959622,-0.302379435488795,2.797364053193662,1.0752088974930416,0.15574894156922234,-1.5339241465291176,2.6658667529470756,-4.199790899476193
Time:,0.315,x:   ,3.0428130411408993,-0.16575639198204858,-0.3087238759119924,2.817095602438672,1.0874362046352246,0.1588302638522468,-1.5342061548590156,2.705777487868552,-4.239983642727568
Time:,0.32,x:   ,3.049966405340563,-0.15830375587576317,-0.31396118775522497,2.835778985699973,1.0991972456371955,0.1619522198173178,-1.5346334301852065,2.7441798633898116,-4.278813293575018
Time:,0.325,x:   ,3.0570284918627038,-0.15061637373098952,-0.31801539842304,2.853409401837483,1.1104767766279056,0.16511135908850583,-1.5351669681296491,2.781057653952278,-4.316224622081927
Time:,0.33,x:   ,3.064002467592667,-0.14272441209408857,-0.3208138497296784,2.869982407593923,1.1212601662564032,0.16830286454631488,-1.5357525197262962,2.8164087642013023,-4.3521612839275985
Time:,0.335,x:   ,3.0708918976284045,-0.13465883868443468,-0.3222876415400239,2.885493912233398,1.1315334167629327,0.17152043029703692,-1.536321652698014,2.8502439101698,-4.386565562867814
Time:,0.34,x:   ,3.0777007128662643,-0.12645127478602275,-0.32237210720530557,2.899940172235803,1.1412831786271063,0.17475615476417708,-1.5367938121319056,2.882584293783458,-4.419378105915364
Time:,0.34500000000000003,x:   ,3.0844331743547846,-0.11813382185971794,-0.3210073326441593,2.9133177860777515,1.1504967586956507,0.17800045309619994,-1.5370793969308543,2.9134582569345873,-4.4505376538654415
Time:,0.35000000000000003,x:   ,3.0910938341015166,-0.10973885772456986,-0.31813873165851636,2.925623689144192,1.1591621217904575,0.1812419933299355,-1.5370838060502061,2.9428969652286288,-4.479980771278835
Time:,0.355,x:   ,3.0976874920398974,-0.1012987978202303,-0.31371769053388904,2.936855148834031,1.167267885957366,0.18446766096342346,-1.536712338095581,2.970929244322163,-4.507641582417744
Time:,0.36,x:   ,3.1042191489054236,-0.09284581743465678,-0.30770229499864404,2.947009759948063,1.174803311747522,0.18766255674403678,-1.5358757526850284,2.997575770368486,-4.533451523053515
Time:,0.365,x:   ,3.1106939548336054,-0.08441153142119512,-0.3000581519486762,2.9560854404776262,1.1817582862344689,0.19081003252480444,-1.5344962266411462,3.0228428959948688,-4.557339122636015
Time:,0.37,x:   ,3.1171171535793043,-0.07602662892479707,-0.2907593165990178,2.9640804279460755,1.1881233028660783,0.1938917699293736,-1.5325133684048882,3.0467164686468995,-4.579229837051788
Time:,0.375,x:   ,3.123494022374558,-0.06772046211013363,-0.2797893323786711,2.9709932764895077,1.1938894387298185,0.19688790622697983,-1.529889897000266,3.069156061989374,-4.59904595898964
Time:,0.38,x:   ,3.1298298076006863,-0.05952058998969886,-0.2671423852804912,2.976822854893834,1.1990483313614126,0.19977721117475075,-1.5266165551646727,3.090090085295461,-4.616706640460134
Time:,0.385,x:   ,3.1361296566658385,-0.05145228136607775,-0.25282456576209494,2.981568345826472,1.2035921578236162,0.20253731755024987,-1.522715817833058,3.1094122518350122,-4.63212806966807
Time:,0.39,x:   ,3.1423985467701114,-0.043537984805242846,-0.23685521892216696,2.9852292465053005,1.2075136193733296,0.20514500658941917,-1.5182439842800886,3.126979866935171,-4.64522385121526
Time:,0.395,x:   ,3.1486412116258546,-0.035796778571288414,-0.21926834699872308,2.9878053710269463,1.210805935540105,0.2075765475001205,-1.51329131023427,3.1426143328096616,-4.655905643043932
Time:,0.4,x:   ,3.154862067693396,-0.02824381957249643,-0.20011400718519953,2.9892968545228977,1.2134628517386452,0.20980808761918382,-1.5079799471523208,3.1561041565065224,-4.664084103658843
Time:,0.405,x:   ,3.1610651420885625,-0.02088981735485987,-0.1794596231433363,2.98970415921894,1.2154786644766027,0.2118160866759831,-1.5024596066014135,3.1672105900365812,-4.669670196637995
Time:,0.41000000000000003,x:   ,3.167254004985836,-0.013740566440108824,-0.15739110252445232,2.9890280823384354,1.2168482676172643,0.21357778517905857,-1.4969010491174681,3.175675834707136,-4.672576883824604
Time:,0.41500000000000004,x:   ,3.173431710006296,-0.006796576798928161,-0.13401362906964992,2.9872697656166904,1.2175672218429552,0.21507169344128765,-1.4914876930308654,3.1812335189193477,-4.672721211950213
Time:,0.42,x:   ,3.179600746620644,-5.284646834473588e-05,-0.1094519819320521,2.984430705994173,1.2176318473311543,0.2162780846090125,-1.4864058278030559,3.183620931383027,-4.670026759186083
Time:,0.425,x:   ,3.185763008848999,0.006501179569522248,-0.08385023342207232,2.9805127668521663,1.2170393367312258,0.21717947273465377,-1.4818340735928146,3.182592286443329,-4.664426360036144
Time:,0.43,x:   ,3.191919784317157,0.012881425936847733,-0.05737069595494479,2.975518188975408,1.215787882058472,0.21776105587506608,-1.4779328307774953,3.177932143273733,-4.655864974051228
Time:,0.435,x:   ,3.1980717668800724,0.019108753452465228,-0.030192033880903614,2.969449600306554,1.2138768056019362,0.21801110470048146,-1.4748344935939848,3.169468020842775,-4.64430251443676
Time:,0.44,x:   ,3.2042190944882685,0.025208270361186096,-0.002506525751346831,2.9623100235287434,1.2113066820915899,0.21792127919242196,-1.4726351558488693,3.157081261689428,-4.629716417538297
Time:,0.445,x:   ,3.2103614118462795,0.03120840797900782,0.025483449409327542,2.9541028805965106,1.2080794379883013,0.2174868594306491,-1.4713884214556945,3.1407153028200483,-4.612103724275743
Time:,0.45,x:   ,3.216497954967104,0.03713980724254061,0.05356953549468275,2.944831993535253,1.2041984144920974,0.2167068807376468,-1.4711017662166088,3.120380701198068,-4.591482467414677
Time:,0.455,x:   ,3.222627652378877,0.043034085999030754,0.0815418861054471,2.934501581127299,1.1996683839454052,0.21558416802975647,-1.4717357019011956,3.096156513221472,-4.567892215122668
Time:,0.46,x:   ,3.2287492359489227,0.048922572018751984,0.10919371851112575,2.9231162514599314,1.1944955143926166,0.21412526870673357,-1.4732057893804757,3.06818791498927,-4.541393704369746
Time:,0.465,x:   ,3.2348613534244133,0.05483509032590443,0.13632562997070471,2.9106809906760405,1.188687283239973,0.21234028760260595,-1.4753873488146731,3.036680244240326,-4.512067593054999
Time:,0.47000000000000003,x:   ,3.2409626750093032,0.06079888480200471,0.1627494062311276,2.8972011485876252,1.182252347009766,0.21024263139998678,-1.4781225311848374,3.0018899183402823,-4.48001244952512
Time:,0.47500000000000003,x:   ,3.2470519875107904,0.06683773521814255,0.18829112157421354,2.882682422041572,1.175200378911514,0.20784867348909297,-1.4812292549885946,2.9641129113243894,-4.445342166312984
Time:,0.48,x:   ,3.253128271488273,0.07297130608843892,0.21279341870701785,2.8671308370397757,1.1675418885607705,0.2051773534375216,-1.4845113848902556,2.9236716365446367,-4.408183021434892
Time:,0.485,x:   ,3.259190759010544,0.07921473793219051,0.23611694731120217,2.8505527306076943,1.159288038440914,0.2022497277856862,-1.4877694479929895,2.880901165488905,-4.3686706134818944
Time:,0.49,x:   ,3.2652389716778005,0.08557846896857751,0.2581410171563484,2.8329547332934557,1.1504504699520899,0.19908849048140223,-1.4908111597025315,2.836135711638318,-4.32694687134085
Time:,0.495,x:   ,3.2712727402106956,0.09206825867350975,0.2787635762102891,2.8143437529947506,1.1410411488085805,0.19571748166439656,-1.4934610707454796,2.789696224726245,-4.2831572954717245
Time:,0.5,x:   ,3.277292208015241,0.09868537493439314,0.2979006535890766,2.7947269605898684,1.1310722359190442,0.19216120263349754,-1.495568746629568,2.7418797894901306,-4.2374485361196985
Time:,0.505,x:   ,3.28329782170121,0.10542690319270008,0.315485414180485,2.774111777627255,1.1205559863929122,0.18844435281557084,-1.4970150381676577,2.6929513257244,-4.189966363892058
Time:,0.51,x:   ,3.2892903116546632,0.11228613752170323,0.3314669620541762,2.7525058661318256,1.1095046764162815,0.1845914017153053,-1.4977161774150076,2.6431378685442404,-4.140854045959248
Time:,0.515,x:   ,3.2952706655738195,0.11925301830922365,0.3458090098595122,2.7299171204323986,1.0979305556437895,0.18062620554830527,-1.4976256158574635,2.5926254938225486,-4.090251109680012
Time:,0.52,x:   ,3.3012400975024696,0.12631458750764302,0.35848850709670027,2.706353660809241,1.0858458214733402,0.1765716749244712,-1.4967336910979676,2.5415587639163326,-4.0382924550143
Time:,0.525,x:   ,3.3072000144427993,0.13345543905299972,0.3694942957205065,2.6818238287018143,1.073262610996272,0.17244949685587832,-1.495065349544404,2.4900424167651303,-3.9851077663095342
Time:,0.53,x:   ,3.3131519821734496,0.14065814824689188,0.3788258396613384,2.6563361831971632,1.0601930063773897,0.16827991171043757,-1.492676256697988,2.438144914073477,-3.9308211707714653
Time:,0.535,x:   ,3.3190976914816845,0.1479036692199143,0.3864920568045305,2.6298994985291904,1.046649049741116,0.16408154361467245,-1.4896476905095342,2.3859034023670813,-3.8755510928766155
Time:,0.54,x:   ,3.325038925659781,0.15517169391173405,0.3925102680400144,2.6025227623482237,1.0326427641683187,0.1598712812394721,-1.4860806387023278,2.33332962042299,-3.8194102591253176
Time:,0.545,x:   ,3.330977529818572,0.16244096934475413,0.3969052678592709,2.5742151745598347,1.0181861780243766,0.15566420484006555,-1.482089513120588,2.2804163011560794,-3.7625058142766674
Time:,0.55,x:   ,3.336915382330316,0.16968957246209088,0.39970851401426344,2.544986146574612,1.0032913504596672,0.1514735547935612,-1.477795860105144,2.2271436573018057,-3.7049395174069497
Time:,0.555,x:   ,3.3428543685200576,0.17689514360639033,0.4009574292569442,2.5148453008514258,0.9879703964963725,0.14731073660044117,-1.4733223933039148,2.1734855997387728,-3.6468079930426875
Time:,0.56,x:   ,3.348796356570521,0.18403508099155083,0.40069480548014724,2.483802470652394,0.9722355106113248,0.14318535730739004,-1.4687876115775236,2.1194154072233142,-3.588203018800838
Time:,0.5650000000000001,x:   ,3.3547431754829753,0.19108669940140477,0.39896829911489057,2.451867699956628,0.9560989881310468,0.13910528849243686,-1.4643011962452057,2.0649106399600594,-3.529211836205265
Time:,0.5700000000000001,x:   ,3.3606965948402223,0.19802735694641702,0.3958300059613041,2.419051243501412,0.9395732440705059,0.1350767512648323,-1.4599603141062403,2.009957161466244,-3.469917475572484
Time:,0.5750000000000001,x:   ,3.3666583060449162,0.20483455410161663,0.39133610341613473,2.385363566934176,0.9226708292761809,0.1311044191176499,-1.4558468894291847,1.9545521996645037,-3.4103990890936884
Time:,0.58,x:   ,3.3726299046556334,0.21148600949106236,0.385546548090148,2.350815347067303,0.9054044438851779,0.12719153488733553,-1.4520258521278093,1.8987064364303963,-3.3507322885582056
Time:,0.585,x:   ,3.378612873414734,0.217959717009967,0.37852481695241086,2.3154174722316574,0.8877869481954226,0.12334003848694762,-1.4485443222308683,1.8424451634349976,-3.290989485665866
Time:,0.59,x:   ,3.3846085655570413,0.22423398890259152,0.3703376803338769,2.279181042724922,0.8698313710681409,0.11955070246219653,-1.445431653179656,1.7858085804924009,-3.231240233672057
Time:,0.595,x:   ,3.390618188007969,0.23028748934747542,0.3610549953619839,2.242117371348652,0.8515509159638692,0.11582327275233234,-1.4427002284295727,1.7288513408830843,-3.171551569312657
Time:,0.6,x:   ,3.3966427841248286,0.23609926293858305,0.35074950871256827,2.2042379840243456,0.8329589646580667,0.11215661230893223,-1.4403468867709104,1.6716414669088766,-3.111988353679787
Time:,0.605,x:   ,3.4026832157056868,0.24164876218400397,0.3394966580130654,2.165554620474834,0.8140690786030348,0.10854884542890784,-1.4383548408884694,1.6142587691896697,-3.052613610078139
Time:,0.61,x:   ,3.4087401440849785,0.2469158777643351,0.3273743618833556,2.1260792349535267,0.7948949978103733,0.10499750079465074,-1.4366959499522123,1.5567929060493184,-2.9934888560015307
Time:,0.615,x:   ,3.4148140102509514,0.2518809747945412,0.31446278953069035,2.0858239970011536,0.775450637033847,0.10149965129220967,-1.4353332094222737,1.4993412159295603,-2.934674425351834
Time:,0.62,x:   ,3.420905014051738,0.25652493771542484,0.3008441020842726,2.044801292208,0.755750078947534,0.09805204871263772,-1.4342233287281911,1.442006447272635,-2.876229776000826
Time:,0.625,x:   ,3.42701309269689,0.2608292257121546,0.2866021595002674,2.003023722959534,0.7358075639494475,0.09465125145319056,-1.4333192790694103,1.3848944978269397,-2.81821377689635
Time:,0.63,x:   ,3.43313789890016,0.2647759397371373,0.2718221888901584,1.960504109144901,0.7156374761866375,0.09129374334961018,-1.4325727083714845,1.328112259886356,-2.7606849682578405
Time:,0.635,x:   ,3.439278779136096,0.26834790133487735,0.2565904124802227,1.9172554888110915,0.6952543254027579,0.08797604181632572,-1.4319361375672863,1.271765650534996,-2.7037017881022822
Time:,0.64,x:   ,3.445434752586037,0.2715287425713638,0.2409936360038083,1.87329111875054,0.6746727242594611,0.08469479357523131,-1.4313648710395097,1.2159578874363484,-2.647322758475858
Time:,0.645,x:   ,3.451604491417226,0.27430300551354975,0.22511880102013807,1.8286244750163894,0.6539073608816778,0.0814468564383785,-1.4308185734648198,1.1607880519268374,-2.591606625391657
Time:,0.65,x:   ,3.4577863030628504,0.2766562489442848,0.20905250726506325,1.783269253367299,0.632972966522571,0.07822936588975561,-1.4302624846586527,1.1063499629402243,-2.536612447598877
Time:,0.655,x:   ,3.4639781151450766,0.2785751593920749,0.19288051347181517,1.7372393696521367,0.6118842784307973,0.0750397855891989,-1.429668262571372,1.0527313683232917,-2.4823996308946636
Time:,0.66,x:   ,3.470177463606128,0.28004766315240076,0.17668722695735667,1.6905489601536678,0.590655998220011,0.07187594138706264,-1.4290144616143818,1.000013445032534,-2.429027906646916
Time:,0.665,x:   ,3.4763814844879337,0.2810630358118801,0.1605551934848133,1.6432123819188895,0.5693027462736009,0.06873603896812826,-1.4282866683649593,0.948270587028042,-2.3765572553930014
Time:,0.67,x:   ,3.4825869096374813,0.2816120058715022,0.14456459936939525,1.5952442131113347,0.5478390129488808,0.06561866580300436,-1.4274773289046525,0.8975704497496223,-2.325047778654275
Time:,0.675,x:   ,3.488790066425799,0.28168684939023897,0.12879279744907515,1.5466592534268981,0.5262791075557403,0.06252277863380605,-1.4265853112475453,0.8479742130379982,-2.2745595242855434
Time:,0.68,x:   ,3.4949868813691176,0.2812814731023221,0.11331386742527053,1.4974725246189677,0.504637106257492,0.05944767821561817,-1.425615252366717,0.7995370202315737,-2.2251522725982906
Time:,0.685,x:   ,3.501172887348032,0.280391484148068,0.09819821930112496,1.4476992711804417,0.48292680016179645,0.05639297343783306,-1.4245767422854247,0.7523085497338715,-2.1768852920192963
Time:,0.6900000000000001,x:   ,3.5073432339499697,0.2790142453343878,0.08351224637486336,1.3973549612292973,0.4611616449273061,0.053358537230854,-1.42348339780831,0.7063336762712349,-2.129817074079545
Time:,0.6950000000000001,x:   ,3.5134927003249476,0.2771489156375256,0.06931803169089384,1.3464552876406426,0.43935471320307345,0.05034445680747513,-1.4223518761223346,0.6616531819064488,-2.0840050580287834
Time:,0.7000000000000001,x:   ,3.519615709853263,0.2747964764110609,0.05567310923203154,1.295016169461711,0.41751865114479014,0.047350980792033454,-1.4212008741981121,0.6183044811513494,-2.0395053553494615
Time:,0.705,x:   ,3.5257063458807747,0.27195974441105886,0.04263027865944939,1.2430537536373036,0.3956656401219888,0.04437846566480949,-1.4200501542171837,0.5763223297363335,-1.9963724839535173
Time:,0.71,x:   ,3.531758367782489,0.26864337325666426,0.030237470245785332,1.1905844170621138,0.3738073645549643,0.041427323715199825,-1.418919628686052,0.5357394922896721,-1.954659120975724
Time:,0.715,x:   ,3.5377652266643023,0.26485384528462386,0.01853765492685945,1.1376247689636698,0.3519549866133426,0.03849797438266569,-1.4178285319709225,0.49658734996282267,-1.9144158819337451
Time:,0.72,x:   ,3.5437200800991118,0.26059945592292094,0.007568793191560775,1.0841916536057772,0.33011912828456,0.03559080049978128,-1.416794698119082,0.45889643459876023,-1.8756911327178423
Time:,0.725,x:   ,3.5496158054087057,0.25589029270882835,-0.0026361841400224673,1.0303021532878351,0.3083098610936488,0.03270611056621148,-1.4158339583507917,0.42269688115275617,-1.838530839503548
Time:,0.73,x:   ,3.5554450111380635,0.25073821092772536,-0.012049370353719559,0.9759735916006782,0.2865367035370064,0.029844107801614752,-1.4149596657376526,0.3880187945923535,-1.802978460330006
Time:,0.735,x:   ,3.5612000465155162,0.24515680757517402,-0.02064785928717225,0.921223536885012,0.2648086260905433,0.027004866369170256,-1.4141823494664156,0.35489253134689086,-1.7690748808133065
Time:,0.74,x:   ,3.5668730088433773,0.23916139497327132,-0.02841370987717999,0.8660698058243859,0.2431340634716542,0.0241883148433286,-1.4135094967782573,0.32334889852206117,-1.7368583953003185
Time:,0.745,x:   ,3.5724557489131694,0.23276897493069407,-0.035333903891663354,0.8105304670911978,0.22152093367649373,0.021394226723218536,-1.4129454571647442,0.2934192765569439,-1.706364733721688
Time:,0.75,x:   ,3.5779398746828726,0.22599821385002344,-0.04140030069487859,0.7546238449516617,0.19997666317793325,0.018622217569653127,-1.4124914606387962,0.26513567282235195,-1.6776271334611481
Time:,0.755,x:   ,3.5833167535872192,0.21886941867932982,-0.04660959151452987,0.698368522724157,0.17850821755215918,0.015871748167907075,-1.4121457397938233,0.23853071490007902,-1.6506764546939023
Time:,0.76,x:   ,3.5885775139732647,0.21140451309864372,-0.05096325422693593,0.6417833459751285,0.1571221366987579,0.013142132987077958,-1.4119037438112827,0.2136375930120941,-1.6255413368233769
Time:,0.765,x:   ,3.593713046259876,0.2036270128450961,-0.054467508217511694,0.5848874253279394,0.13582457372564108,0.010432553115502294,-1.4117584314629745,0.1904899613599986,-1.6022483928229732
Time:,0.77,x:   ,3.59871400450895,0.19556199863164778,-0.057133267469165396,0.5277001387531083,0.11462133648221172,0.0077420727958840046,-1.411700629369898,0.1691218080607076,-1.5808224374306055
Time:,0.775,x:   ,3.603570809165204,0.1872360847221277,-0.05897608873819548,0.4702411332035745,0.09351793063911745,0.005069658659608307,-1.4117194412276324,0.1495673029929941,-1.5612867442206264
Time:,0.78,x:   ,3.6082736517668423,0.17867738090941407,-0.06001611055223574,0.41253032545648094,0.07251960313031114,0.0024142007641862824,-1.4118026933116503,0.13186063226297967,-1.54366332557463
Time:,0.785,x:   ,3.612812502447147,0.1699154454248484,-0.06027797786433467,0.3545879020240047,0.05163138469524464,-0.00022546543112742347,-1.411937401286999,0.11603582720688026,-1.5279732284938792
Time:,0.79,x:   ,3.6171771210327113,0.16098122620687494,-0.05979074657807234,0.2964343180005858,0.030858130191276065,-0.002850536960140114,-1.4121102431499464,0.10212659491609062,-1.514236838066037
Time:,0.795,x:   ,3.6213570724931547,0.1519069879962371,-0.058587761875389256,0.23809029472310447,0.010204555297373095,-0.00546222184309845,-1.4123080230487222,0.09016615621850713,-1.5024741792672294
Time:,0.8,x:   ,3.625341747406152,0.14272622292166573,-0.05670650437990349,0.17957681613470872,-0.010324731788642707,-0.008061718803860462,-1.4125181108281029,0.08018709589141731,-1.4927052067195201
Time:,0.805,x:   ,3.629120387968372,0.13347354260571195,-0.05418839870972065,0.12091512376252417,-0.030725205032358465,-0.010650198713351074,-1.412728842516117,0.07222122861207701,-1.484950071128194
Time:,0.81,x:   ,3.632682119907907,0.12418455035766375,-0.05107857993067809,0.06212671024463449,-0.05099240291536124,-0.013228788123507623,-1.4129298677427125,0.0662994827590904,-1.4792293505018028
Time:,0.8150000000000001,x:   ,3.6360159904407063,0.11489569271904992,-0.047425614801057565,0.003233311372442746,-0.07112191959655614,-0.015798555108229584,-1.4131124313802506,0.062451802644596745,-1.4755642340248474
Time:,0.8200000000000001,x:   ,3.63911101217019,0.10564409046145105,-0.04328117645465319,-0.05574310334961543,-0.09110940578883836,-0.01836049747871293,-1.4132695786417624,0.06070706807424273,-1.4739766467160051
Time:,0.8250000000000001,x:   ,3.641956212567398,0.09646735006413776,-0.03869967321471093,-0.1147803415849169,-0.11095057994333686,-0.020915533299313956,-1.4133962755412943,0.061093028307118484,-1.4744893038484128
Time:,0.8300000000000001,x:   ,3.6445406884044163,0.08740335766293987,-0.03373783444287796,-0.17385600040094082,-0.1306412499409922,-0.02346449350660427,-1.4134894400212086,0.0636362455588526,-1.4771256855800612
Time:,0.835,x:   ,3.646853664264772,0.07849005839232455,-0.02845425854985347,-0.23294747973179286,-0.15017734503449598,-0.02600811633775518,-1.4135478831048272,0.0683620412340417,-1.481909924338869
Time:,0.84,x:   ,3.6488845540404706,0.06976522486466133,-0.0229089303539798,-0.2920319968948145,-0.1695549572856857,-0.02854704321210234,-1.4135721639587344,0.07529443620783517,-1.4888666001665696
Time:,0.845,x:   ,3.6506230241648145,0.061266219170901484,-0.01716271669510888,-0.3510866019498575,-0.18877039123545483,-0.03108181568586985,-1.413564367468345,0.08445607485868029,-1.4980204423270251
Time:,0.85,x:   ,3.6520590572382976,0.053029753183140294,-0.011276850436891956,-0.4100881936568007,-0.20782022006149778,-0.033612873114865036,-1.413527817484091,0.09586812137005271,-1.5093959388541438
Time:,0.855,x:   ,3.653183014691499,0.04509165204871598,-0.005312413602720721,-0.46901353576262267,-0.22670134606151676,-0.036140550709659464,-1.4134667428822167,0.10955011626071354,-1.5230168591429303
Time:,0.86,x:   ,3.653985697197048,0.03748662557006198,0.0006701696751795954,-0.5278392733359136,-0.24541106298048576,-0.0386650777448279,-1.4133859166061977,0.12551978134435443,-1.5389056979505522
Time:,0.865,x:   ,3.654458401687902,0.030248051675415916,0.006611620458017588,-0.5865419488656204,-0.26394711750727745,-0.0411865757780508,-1.4132902895728696,0.1437927624880903,-1.55708305206096
Time:,0.87,x:   ,3.6545929740498675,0.023407775441317023,0.012454263977120315,-0.6450980178528092,-0.2823077672145435,-0.043705056834917246,-1.4131846415092935,0.16438230169248055,-1.577566943201774
Time:,0.875,x:   ,3.654381856815294,0.0169959261902713,0.018142453561293622,-0.7034838636491917,-0.30049183230950216,-0.04622042161009313,-1.413073269342368,0.18729883312398843,-1.6003721024663564
Time:,0.88,x:   ,3.6538181314712594,0.011040754133220008,0.0236229549783128,-0.7616758113331238,-0.31849873879274254,-0.048732457815934285,-1.4129597307653676,0.21254950167185296,-1.6255092324372207
Time:,0.885,x:   ,3.652895555287272,0.005568486940106194,0.02884528899344288,-0.819650140461037,-0.33632855096685915,-0.051240838869206586,-1.4128466562802582,0.24013760716705912,-1.6529842634473173
Time:,0.89,x:   ,3.6516085928434796,0.0006032055837796972,0.03376203225734029,-0.8773830965874972,-0.3539819916685586,-0.05374512314213622,-1.4127356377207931,0.27006198231480466,-1.6827976200355979
Time:,0.895,x:   ,3.649952442682626,-0.003833262116797474,0.038329078750594194,-0.9348509015076427,-0.37146044908500325,-0.056244754015470154,-1.412627195447343,0.3023163173339835,-1.7149435127813266
Time:,0.9,x:   ,3.6479230597038734,-0.0077214325737756115,0.042505865798968465,-0.9920297622388566,-0.38876596952609244,-0.058739060961024804,-1.4125208205611073,0.3368884489343977,-1.749409269495505
Time:,0.905,x:   ,3.645517174055226,-0.011044244983232823,0.04625557003676249,-1.0488958788214928,-0.40590123603135025,-0.06122726185345417,-1.4124150830967181,0.373759635276198,-1.7861747183729162
Time:,0.91,x:   ,3.6427323073595597,-0.013787130515167079,0.049545279579681877,-1.1054254510788806,-0.422869533171335,-0.06370846667053343,-1.4123077926512604,0.41290384166733396,-1.8252116343185945
Time:,0.915,x:   ,3.6395667871270088,-0.015938075376571027,0.05234614905294046,-1.1615946845326535,-0.43967469884429927,-0.06618168269290055,-1.4121961946434116,0.4542870637420029,-1.8664832583854145
Time:,0.92,x:   ,3.636019760166641,-0.017487680834739085,0.05463354401349653,-1.2173797957190493,-0.45632106426133456,-0.06864582126200827,-1.412077183612248,0.49786671557358947,-1.9099438991858375
Time:,0.925,x:   ,3.632091205717897,-0.018429222933391325,0.05638718073645096,-1.2727570171939906,-0.47281338365516734,-0.07109970610208137,-1.4119475147856992,0.5435911095308017,-1.955538624316501
Time:,0.93,x:   ,3.6277819488832543,-0.018758714095862,0.0575912663467241,-1.3277026025485743,-0.48915675554054755,-0.07354208316015641,-1.4118039965807336,0.5913990526817192,-2.003203049262453
Time:,0.935,x:   ,3.6230936747645255,-0.01847496811180082,0.05823464291733569,-1.3821928317814023,-0.5053565376006041,-0.07597163186893074,-1.4116436496286946,0.6412195812558475,-2.052863230884542
Time:,0.9400000000000001,x:   ,3.6180289434928157,-0.01757966917194296,0.0583109374780929,-1.4362040173894144,-0.5214182574755383,-0.07838697769074855,-1.4114638221303952,0.6929718502266827,-2.104435672357078
Time:,0.9450000000000001,x:   ,3.6125912061033953,-0.016077444676128306,0.05781871794024559,-1.4897125115440346,-0.5373475218865408,-0.08078670575806392,-1.4112622565150559,0.7465651896798089,-2.1578274461948648
Time:,0.9500000000000001,x:   ,3.6067848209490965,-0.013975940522144945,0.0567616528071407,-1.5426947147139498,-0.5531499266332971,-0.08316937538688951,-1.411037108095052,0.8018993335485143,-2.212936441643566
Time:,0.9550000000000001,x:   ,3.6006150700780664,-0.011285896521354758,0.05514867028268648,-1.595127086079121,-0.5688309700470494,-0.08553353520643092,-1.410786922190065,0.8588648198503076,-2.269651742040373
Time:,0.96,x:   ,3.594088174734433,-0.008021218523345126,0.05299411009999481,-1.6469861560520629,-0.5843959724468663,-0.08787773862248197,-1.4105105815020962,0.9173435551103353,-2.3278541366124315
Time:,0.965,x:   ,3.587211308886796,-0.004199042818121625,0.05031785918558475,-1.6982485411815047,-0.5998500040145541,-0.09020055931713833,-1.4102072397948548,0.9772095296104025,-2.3874167694052573
Time:,0.97,x:   ,3.5799926094655032,0.0001602125157194982,0.047145460289052546,-1.7488909616599373,-0.6151978232520541,-0.09250060648635018,-1.4098762606244004,1.0383296648637566,-2.448205925488157
Time:,0.975,x:   ,3.572441181814155,0.0050328153600662975,0.043508181107626165,-1.7988902615903894,-0.6304438277949449,-0.0947765395330242,-1.409517180511068,1.1005647706727313,-2.5100819511837993
Time:,0.98,x:   ,3.564567098754426,0.010391712887490497,0.03944303040058379,-1.8482234320897533,-0.6455920188145318,-0.09702708196907651,-1.4091297142017676,1.163770586603416,-2.5729003008051836
Time:,0.985,x:   ,3.556381391647005,0.01620655704217918,0.034992707304631325,-1.8968676372176534,-0.6606459795489266,-0.0992510343353514,-1.40871381541942,1.2277988819251195,-2.6365126973445396
Time:,0.99,x:   ,3.5478960319239206,0.022443768396802195,0.030205470694310295,-1.9448002426237063,-0.6756088676778748,-0.10144728602107625,-1.4082697998759246,1.2924985890749887,-2.7007683889509133
Time:,0.995,x:   ,3.53912390178193,0.02906664378216625,0.025134917101693945,-1.991998846705568,-0.6904834203352898,-0.10361482594838523,-1.4077985287946178,1.35771694839124,-2.7655154771858577
