Grav Comp,1,dT,0.01,Substep Number,20
Time,State History
Time:,0.0,x:   ,0.0,1.5707963267948966,0.0,0.0,0.0,0.0,0.0,0.0,0.0,0.0,0.0,0.0,0.0,0.0
Time:,0.01,x:   ,8.233388788044872e-23,1.5707963267948966,1.043458350116874e-19,5.494932702715248e-19,4.232595800466869e-20,-2.1288317957774813e-18,1.0442199007261364e-19,-8.23338878764193e-23,0.0,0.0,0.0,-1.069746143519031e-19,-1.0269562977782697e-18,-1.0292692624129055e-19
Time:,0.02,x:   ,1.682755501720082e-22,1.5707963267948966,2.632934141006562e-19,1.2745235174027147e-18,-3.500652840168888e-21,-4.923760169860045e-18,1.0844705150712114e-19,-1.6827555016402886e-22,0.0,0.0,0.0,-1.069746143519031e-19,-1.0269562977782697e-18,-1.0292692624129055e-19
Time:,0.03,x:   ,2.536556802780294e-22,1.5707963267948966,4.222409565175098e-19,1.9995537618396277e-18,-4.932738304481938e-20,-7.718688528145112e-18,1.1247215158392924e-19,-2.5365568026593855e-22,0.0,0.0,0.0,-1.069746143519031e-19,-1.0269562977782697e-18,-1.0292692624129055e-19
Time:,0.04,x:   ,3.384779471803199e-22,1.5707963267948966,5.811884625018595e-19,2.7245840035998687e-18,-9.515423182940054e-20,-1.05136168707359e-17,1.16497290050554e-19,-3.384779471643248e-22,0.0,0.0,0.0,-1.069746143519031e-19,-1.0269562977782697e-18,-1.0292692624129055e-19
Time:,0.05,x:   ,4.2274599588801268e-22,1.5707963267948966,7.401359322917501e-19,3.449614242700925e-18,-1.409811984191257e-19,-1.330854519773496e-17,1.2052246665616112e-19,-4.2274599586811127e-22,0.0,0.0,0.0,-1.069746143519031e-19,-1.0269562977782697e-18,-1.0292692624129055e-19
Time:,0.06,x:   ,5.064634475942025e-22,1.5707963267948966,8.990833661236723e-19,4.174644479160173e-18,-1.8680828204427076e-19,-1.6103473509244156e-17,1.2454768115155507e-19,-5.064634475703796e-22,0.0,0.0,0.0,-1.069746143519031e-19,-1.0269562977782697e-18,-1.0292692624129055e-19
Time:,0.07,x:   ,5.896338998315574e-22,1.5707963267948966,1.0580307642325706e-18,4.899674712994873e-18,-2.326354819401406e-19,-1.88984018053647e-17,1.2857293328916882e-19,-5.896338998039064e-22,0.0,0.0,0.0,-1.069746143519031e-19,-1.0269562977782697e-18,-1.0292692624129055e-19
Time:,0.08,x:   ,6.722609266269124e-22,1.5707963267948966,1.2169781268518553e-18,5.624704944222174e-18,-2.784627973470369e-19,-2.1693330086197145e-17,1.3259822282305275e-19,-6.722609265952862e-22,0.0,0.0,0.0,-1.069746143519031e-19,-1.0269562977782697e-18,-1.0292692624129055e-19
Time:,0.09,x:   ,7.543480786548529e-22,1.5707963267948966,1.3759254542134107e-18,6.349735172859112e-18,-3.2429022751022475e-19,-2.4488258351841382e-17,1.3662354950886426e-19,-7.543480786192538e-22,0.0,0.0,0.0,-1.069746143519031e-19,-1.0269562977782697e-18,-1.0292692624129055e-19
Time:,0.1,x:   ,8.3589888339029675e-22,1.5707963267948966,1.5348727465476069e-18,7.074765398922614e-18,-3.701177716799008e-19,-2.728318660239664e-17,1.4064891310385726e-19,-8.35898883350703e-22,0.0,0.0,0.0,-1.069746143519031e-19,-1.0269562977782697e-18,-1.0292692624129055e-19
Time:,0.11,x:   ,9.16916845260076e-22,1.5707963267948966,1.6938200040833082e-18,7.799795622429495e-18,-4.1594542911116074e-19,-3.00781148379615e-17,1.446743133668717e-19,-9.169168452166747e-22,0.0,0.0,0.0,-1.069746143519031e-19,-1.0269562977782697e-18,-1.0292692624129055e-19
Time:,0.12,x:   ,9.974054457935321e-22,1.5707963267948966,1.8527672270478825e-18,8.524825843396451e-18,-4.617731990639674e-19,-3.287304305863393e-17,1.486997500583232e-19,-9.974054457460102e-22,0.0,0.0,0.0,-1.069746143519031e-19,-1.0269562977782697e-18,-1.0292692624129055e-19
Time:,0.13,x:   ,1.0773681437721248e-21,1.5707963267948966,2.0117144156672152e-18,9.249856061840085e-18,-5.076010808031192e-19,-3.5667971264511236e-17,1.5272522294019294e-19,-1.0773681437206464e-21,0.0,0.0,0.0,-1.069746143519031e-19,-1.0269562977782697e-18,-1.0292692624129055e-19
Time:,0.14,x:   ,1.1568083753780637e-21,1.5707963267948966,2.1706615701657122e-18,9.974886277776885e-18,-5.534290735982176e-19,-3.846289945569005e-17,1.5675073177601715e-19,-1.1568083753226765e-21,0.0,0.0,0.0,-1.069746143519031e-19,-1.0269562977782697e-18,-1.0292692624129055e-19
Time:,0.15,x:   ,1.235729554341969e-21,1.5707963267948966,2.3296086907663154e-18,1.069991649122323e-17,-5.992571767236367e-19,-4.1257827632266466e-17,1.6077627633087721e-19,-1.2357295542825215e-21,0.0,0.0,0.0,-1.069746143519031e-19,-1.0269562977782697e-18,-1.0292692624129055e-19
Time:,0.16,x:   ,1.3141350720895677e-21,1.5707963267948966,2.4885557776905115e-18,1.1424946702195391e-17,-6.450853894584922e-19,-4.4052755794335846e-17,1.648018563713894e-19,-1.3141350720261833e-21,0.0,0.0,0.0,-1.069746143519031e-19,-1.0269562977782697e-18,-1.0292692624129055e-19
Time:,0.17,x:   ,1.3920282978874302e-21,1.5707963267948966,2.647502831158335e-18,1.2149976910709532e-17,-6.909137110866094e-19,-4.6847683941993014e-17,1.688274716656947e-19,-1.3920282978200372e-21,0.0,0.0,0.0,-1.069746143519031e-19,-1.0269562977782697e-18,-1.0292692624129055e-19
Time:,0.18,x:   ,1.4694125789877575e-21,1.5707963267948966,2.806449851388386e-18,1.2875007116781717e-17,-7.367421408964934e-19,-4.9642612075332104e-17,1.7285312198344932e-19,-1.4694125789164063e-21,0.0,0.0,0.0,-1.069746143519031e-19,-1.0269562977782697e-18,-1.0292692624129055e-19
Time:,0.19,x:   ,1.5462912407722166e-21,1.5707963267948966,2.965396838597837e-18,1.3600037320427898e-17,-7.825706781812977e-19,-5.2437540194446695e-17,1.7687880709581447e-19,-1.5462912406969372e-21,0.0,0.0,0.0,-1.069746143519031e-19,-1.0269562977782697e-18,-1.0292692624129055e-19
Time:,0.2,x:   ,1.6226675868948456e-21,1.5707963267948966,3.1243437930024406e-18,1.4325067521663927e-17,-8.283993222387945e-19,-5.5232468299429724e-17,1.8090452677544631e-19,-1.6226675868155188e-21,0.0,0.0,0.0,-1.069746143519031e-19,-1.0269562977782697e-18,-1.0292692624129055e-19
Time:,0.21,x:   ,1.698544899424012e-21,1.5707963267948966,3.283290714816539e-18,1.505009772050555e-17,-8.742280723713443e-19,-5.802739639037352e-17,1.8493028079648661e-19,-1.698544899341028e-21,0.0,0.0,0.0,-1.069746143519031e-19,-1.0269562977782697e-18,-1.0292692624129055e-19
Time:,0.22,x:   ,1.773926438983457e-21,1.5707963267948966,3.442237604253074e-18,1.577512791696842e-17,-9.200569278858661e-19,-6.082232446736983e-17,1.8895606893455295e-19,-1.773926438896503e-21,0.0,0.0,0.0,-1.069746143519031e-19,-1.0269562977782697e-18,-1.0292692624129055e-19
Time:,0.23,x:   ,1.8488154448924106e-21,1.5707963267948966,3.601184461523598e-18,1.6500158111068075e-17,-9.658858880938072e-19,-6.361725253050974e-17,1.9298189096672876e-19,-1.8488154448012313e-21,0.0,0.0,0.0,-1.069746143519031e-19,-1.0269562977782697e-18,-1.0292692624129055e-19
Time:,0.24,x:   ,1.923215135304791e-21,1.5707963267948966,3.7601312868382784e-18,1.722518830281995e-17,-1.011714952311113e-18,-6.64121805798838e-17,1.9700774667155417e-19,-1.9232151352096293e-21,0.0,0.0,0.0,-1.069746143519031e-19,-1.0269562977782697e-18,-1.0292692624129055e-19
Time:,0.25,x:   ,1.9971287073474953e-21,1.5707963267948966,3.919078080405911e-18,1.7950218492239386e-17,-1.0575441198581996e-18,-6.920710861558201e-17,2.0103363582901632e-19,-1.997128707248562e-21,0.0,0.0,0.0,-1.069746143519031e-19,-1.0269562977782697e-18,-1.0292692624129055e-19
Time:,0.26,x:   ,2.0705593372577923e-21,1.5707963267948966,4.0780248424339284e-18,1.867524867934163e-17,-1.1033733900599233e-18,-7.200203663769368e-17,2.0505955822053977e-19,-2.070559337154876e-21,0.0,0.0,0.0,-1.069746143519031e-19,-1.0269562977782697e-18,-1.0292692624129055e-19
Time:,0.27,x:   ,2.143510180519805e-21,1.5707963267948966,4.236971573128405e-18,1.9400278864141832e-17,-1.1492027622455512e-18,-7.479696464630758e-17,2.090855136289772e-19,-2.1435101804132434e-21,0.0,0.0,0.0,-1.069746143519031e-19,-1.0269562977782697e-18,-1.0292692624129055e-19
Time:,0.28,x:   ,2.2159843720001174e-21,1.5707963267948966,4.395918272694071e-18,2.012530904665501e-17,-1.1950322357487326e-18,-7.759189264151188e-17,2.1311150183860035e-19,-2.2159843718893885e-21,0.0,0.0,0.0,-1.069746143519031e-19,-1.0269562977782697e-18,-1.0292692624129055e-19
Time:,0.29,x:   ,2.2879850260824854e-21,1.5707963267948966,4.554864941334319e-18,2.085033922689612e-17,-1.2408618099074712e-18,-8.038682062339424e-17,2.171375226350902e-19,-2.2879850259677748e-21,0.0,0.0,0.0,-1.069746143519031e-19,-1.0269562977782697e-18,-1.0292692624129055e-19
Time:,0.3,x:   ,2.359515236801662e-21,1.5707963267948966,4.71381157925121e-18,2.157536940488e-17,-1.2866914840640968e-18,-8.318174859204168e-17,2.211635758055282e-19,-2.3595152366829812e-21,0.0,0.0,0.0,-1.069746143519031e-19,-1.0269562977782697e-18,-1.0292692624129055e-19
Time:,0.31,x:   ,2.4305780779763615e-21,1.5707963267948966,4.872758186645489e-18,2.2300399580621407e-17,-1.3325212575652355e-18,-8.597667654754071e-17,2.251896611383869e-19,-2.4305780778536783e-21,0.0,0.0,0.0,-1.069746143519031e-19,-1.0269562977782697e-18,-1.0292692624129055e-19
Time:,0.32,x:   ,2.5011766033413484e-21,1.5707963267948966,5.031704763716586e-18,2.302542975413499e-17,-1.3783511297617821e-18,-8.877160448997718e-17,2.292157784235213e-19,-2.501176603214699e-21,0.0,0.0,0.0,-1.069746143519031e-19,-1.0269562977782697e-18,-1.0292692624129055e-19
Time:,0.33,x:   ,2.5713138466786617e-21,1.5707963267948966,5.190651310662629e-18,2.3750459925435303e-17,-1.424181100008873e-18,-9.15665324194365e-17,2.3324192745215903e-19,-2.5713138465478196e-21,0.0,0.0,0.0,-1.069746143519031e-19,-1.0269562977782697e-18,-1.0292692624129055e-19
Time:,0.34,x:   ,2.6409928219479825e-21,1.5707963267948966,5.34959782768045e-18,2.4475490094536805e-17,-1.4700111676658583e-18,-9.436146033600346e-17,2.3726810801689196e-19,-2.6409928218132746e-21,0.0,0.0,0.0,-1.069746143519031e-19,-1.0269562977782697e-18,-1.0292692624129055e-19
Time:,0.35000000000000003,x:   ,2.7102165234161533e-21,1.5707963267948966,5.508544314965598e-18,2.5200520261453868e-17,-1.515841332096274e-18,-9.715638823976227e-17,2.4129431991166757e-19,-2.7102165232774183e-21,0.0,0.0,0.0,-1.069746143519031e-19,-1.0269562977782697e-18,-1.0292692624129055e-19
Time:,0.36,x:   ,2.7789879257858474e-21,1.5707963267948966,5.667490772712342e-18,2.592555042620077e-17,-1.5616715926678143e-18,-9.99513161307966e-17,2.4532056293177874e-19,-2.7789879256431187e-21,0.0,0.0,0.0,-1.069746143519031e-19,-1.0269562977782697e-18,-1.0292692624129055e-19
Time:,0.37,x:   ,2.8473099843234002e-21,1.5707963267948966,5.826437201113681e-18,2.6650580588791688e-17,-1.607501948752305e-18,-1.0274624400918959e-16,2.493468368738565e-19,-2.8473099841765635e-21,0.0,0.0,0.0,-1.069746143519031e-19,-1.0269562977782697e-18,-1.0292692624129055e-19
Time:,0.38,x:   ,2.9151856349858006e-21,1.5707963267948966,5.985383600361354e-18,2.7375610749240698e-17,-1.6533323997256765e-18,-1.0554117187502387e-16,2.5337314153586055e-19,-2.915185634835093e-21,0.0,0.0,0.0,-1.069746143519031e-19,-1.0269562977782697e-18,-1.0292692624129055e-19
Time:,0.39,x:   ,2.9826177945468583e-21,1.5707963267948966,6.14432997064585e-18,2.8100640907561797e-17,-1.6991629449679358e-18,-1.0833609972838147e-16,2.573994767170706e-19,-2.982617794392296e-21,0.0,0.0,0.0,-1.069746143519031e-19,-1.0269562977782697e-18,-1.0292692624129055e-19
Time:,0.4,x:   ,3.049609360722545e-21,1.5707963267948966,6.303276312156409e-18,2.88256710637689e-17,-1.7449935838631423e-18,-1.1113102756934396e-16,2.6142584221807806e-19,-3.0496093605640014e-21,0.0,0.0,0.0,-1.069746143519031e-19,-1.0269562977782697e-18,-1.0292692624129055e-19
Time:,0.41000000000000003,x:   ,3.1161632122955152e-21,1.5707963267948966,6.462222625081037e-18,2.9550701217875807e-17,-1.790824315799379e-18,-1.1392595539799226e-16,2.6545223784077694e-19,-3.1161632121330134e-21,0.0,0.0,0.0,-1.069746143519031e-19,-1.0269562977782697e-18,-1.0292692624129055e-19
Time:,0.42,x:   ,3.182282209238813e-21,1.5707963267948966,6.621168909606512e-18,3.027573136989625e-17,-1.836655140168728e-18,-1.1672088321440687e-16,2.6947866338835607e-19,-3.182282209072274e-21,0.0,0.0,0.0,-1.069746143519031e-19,-1.0269562977782697e-18,-1.0292692624129055e-19
Time:,0.43,x:   ,3.247969192838771e-21,1.5707963267948966,6.780115165918388e-18,3.100076151984386e-17,-1.8824860563672418e-18,-1.195158110186677e-16,2.735051186652899e-19,-3.2479691926684838e-21,0.0,0.0,0.0,-1.069746143519031e-19,-1.0269562977782697e-18,-1.0292692624129055e-19
Time:,0.44,x:   ,3.3132269858171107e-21,1.5707963267948966,6.93906139420101e-18,3.172579166773218e-17,-1.9283170637949204e-18,-1.223107388108542e-16,2.7753160347733034e-19,-3.313226985642634e-21,0.0,0.0,0.0,-1.069746143519031e-19,-1.0269562977782697e-18,-1.0292692624129055e-19
Time:,0.45,x:   ,3.3780583924522406e-21,1.5707963267948966,7.098007594637523e-18,3.2450821813574664e-17,-1.974148161855683e-18,-1.251056665910453e-16,2.815581176314989e-19,-3.378058392273625e-21,0.0,0.0,0.0,-1.069746143519031e-19,-1.0269562977782697e-18,-1.0292692624129055e-19
Time:,0.46,x:   ,3.442466198699756e-21,1.5707963267948966,7.256953767409866e-18,3.3175851957384675e-17,-2.0199793499573455e-18,-1.2790059435931918e-16,2.8558466093607743e-19,-3.44246619851716e-21,0.0,0.0,0.0,-1.069746143519031e-19,-1.0269562977782697e-18,-1.0292692624129055e-19
Time:,0.47000000000000003,x:   ,3.506453172312169e-21,1.5707963267948966,7.415899912698787e-18,3.390088209917549e-17,-2.0658106275115916e-18,-1.3069552211575392e-16,2.8961123320060116e-19,-3.506453172125546e-21,0.0,0.0,0.0,-1.069746143519031e-19,-1.0269562977782697e-18,-1.0292692624129055e-19
Time:,0.48,x:   ,3.570022062957837e-21,1.5707963267948966,7.574846030683868e-18,3.462591223896034e-17,-2.111641993933948e-18,-1.3349044986042683e-16,2.9363783423584905e-19,-3.570022062767309e-21,0.0,0.0,0.0,-1.069746143519031e-19,-1.0269562977782697e-18,-1.0292692624129055e-19
Time:,0.49,x:   ,3.633175602339122e-21,1.5707963267948966,7.733792121543501e-18,3.535094237675228e-17,-2.1574734486437643e-18,-1.3628537759341475e-16,2.976644638538371e-19,-3.63317560214467e-21,0.0,0.0,0.0,-1.069746143519031e-19,-1.0269562977782697e-18,-1.0292692624129055e-19
Time:,0.5,x:   ,3.695916504309785e-21,1.5707963267948966,7.892738185454926e-18,3.607597251256436e-17,-2.2033049910641776e-18,-1.3908030531479396e-16,3.01691121867809e-19,-3.695916504111182e-21,0.0,0.0,0.0,-1.069746143519031e-19,-1.0269562977782697e-18,-1.0292692624129055e-19
Time:,0.51,x:   ,3.7582474649915976e-21,1.5707963267948966,8.051684222594218e-18,3.6801002646409496e-17,-2.2491366206220996e-18,-1.4187523302464032e-16,3.0571780809222877e-19,-3.758247464789103e-21,0.0,0.0,0.0,-1.069746143519031e-19,-1.0269562977782697e-18,-1.0292692624129055e-19
Time:,0.52,x:   ,3.82017116289021e-21,1.5707963267948966,8.210630233136304e-18,3.7526032778300546e-17,-2.294968336748184e-18,-1.446701607230293e-16,3.0974452234277296e-19,-3.8201711626835515e-21,0.0,0.0,0.0,-1.069746143519031e-19,-1.0269562977782697e-18,-1.0292692624129055e-19
Time:,0.53,x:   ,3.881690259010247e-21,1.5707963267948966,8.369576217254963e-18,3.825106290825029e-17,-2.3408001388768068e-18,-1.4746508841003557e-16,3.137712644363225e-19,-3.881690258799627e-21,0.0,0.0,0.0,-1.069746143519031e-19,-1.0269562977782697e-18,-1.0292692624129055e-19
Time:,0.54,x:   ,3.942807396969655e-21,1.5707963267948966,8.528522175122849e-18,3.897609303627141e-17,-2.3866320264460355e-18,-1.502600160857337e-16,3.1779803419095435e-19,-3.9428073967550765e-21,0.0,0.0,0.0,-1.069746143519031e-19,-1.0269562977782697e-18,-1.0292692624129055e-19
Time:,0.55,x:   ,4.0035252031133135e-21,1.5707963267948966,8.68746810691148e-18,3.97011231623765e-17,-2.4324639988976133e-18,-1.530549437501975e-16,3.2182483142593466e-19,-4.003525202894652e-21,0.0,0.0,0.0,-1.069746143519031e-19,-1.0269562977782697e-18,-1.0292692624129055e-19
Time:,0.56,x:   ,4.0638462866258836e-21,1.5707963267948966,8.84641401279125e-18,4.042615328657809e-17,-2.4782960556769285e-18,-1.5584987140350033e-16,3.2585165596171014e-19,-4.0638462864034086e-21,0.0,0.0,0.0,-1.069746143519031e-19,-1.0269562977782697e-18,-1.0292692624129055e-19
Time:,0.5700000000000001,x:   ,4.123773239643943e-21,1.5707963267948966,9.005359892931448e-18,4.115118340888859e-17,-2.524128196232995e-18,-1.5864479904571516e-16,3.2987850761990087e-19,-4.12377323941747e-21,0.0,0.0,0.0,-1.069746143519031e-19,-1.0269562977782697e-18,-1.0292692624129055e-19
Time:,0.58,x:   ,4.1833086373673635e-21,1.5707963267948966,9.164305747500249e-18,4.187621352932041e-17,-2.5699604200184257e-18,-1.6143972667691438e-16,3.3390538622329236e-19,-4.183308637137174e-21,0.0,0.0,0.0,-1.069746143519031e-19,-1.0269562977782697e-18,-1.0292692624129055e-19
Time:,0.59,x:   ,4.242455038169983e-21,1.5707963267948966,9.323251576664742e-18,4.260124364788577e-17,-2.6157927264894098e-18,-1.6423465429717003e-16,3.3793229159582775e-19,-4.24245503793589e-21,0.0,0.0,0.0,-1.069746143519031e-19,-1.0269562977782697e-18,-1.0292692624129055e-19
Time:,0.6,x:   ,4.301214983709542e-21,1.5707963267948966,9.482197380590904e-18,4.3326273764596896e-17,-2.661625115105691e-18,-1.6702958190655365e-16,3.4195922356260096e-19,-4.30121498347159e-21,0.0,0.0,0.0,-1.069746143519031e-19,-1.0269562977782697e-18,-1.0292692624129055e-19
Time:,0.61,x:   ,4.359590999036901e-21,1.5707963267948966,9.641143159443644e-18,4.405130387946589e-17,-2.7074575853305406e-18,-1.6982450950513618e-16,3.459861819498484e-19,-4.359590998795111e-21,0.0,0.0,0.0,-1.069746143519031e-19,-1.0269562977782697e-18,-1.0292692624129055e-19
Time:,0.62,x:   ,4.4175855927045555e-21,1.5707963267948966,9.80008891338679e-18,4.477633399250478e-17,-2.7532901366307405e-18,-1.7261943709298826e-16,3.5001316658494216e-19,-4.417585592458753e-21,0.0,0.0,0.0,-1.069746143519031e-19,-1.0269562977782697e-18,-1.0292692624129055e-19
Time:,0.63,x:   ,4.475201256874423e-21,1.5707963267948966,9.9590346425831e-18,4.5501364103725563e-17,-2.7991227684765527e-18,-1.7541436467017992e-16,3.54040177296382e-19,-4.475201256624855e-21,0.0,0.0,0.0,-1.069746143519031e-19,-1.0269562977782697e-18,-1.0292692624129055e-19
Time:,0.64,x:   ,4.532440467424953e-21,1.5707963267948966,1.0117980347194266e-17,4.622639421314007e-17,-2.8449554803417022e-18,-1.782092922367809e-16,3.5806721391378857e-19,-4.532440467171335e-21,0.0,0.0,0.0,-1.069746143519031e-19,-1.0269562977782697e-18,-1.0292692624129055e-19
Time:,0.65,x:   ,4.589305684057502e-21,1.5707963267948966,1.0276926027380922e-17,4.695142432076012e-17,-2.8907882717033535e-18,-1.8100421979286035e-16,3.62094276267895e-19,-4.589305683799853e-21,0.0,0.0,0.0,-1.069746143519031e-19,-1.0269562977782697e-18,-1.0292692624129055e-19
Time:,0.66,x:   ,4.645799350402045e-21,1.5707963267948966,1.0435871683302654e-17,4.7676454426597447e-17,-2.9366211420420854e-18,-1.8379914733848704e-16,3.661213641905408e-19,-4.645799350140547e-21,0.0,0.0,0.0,-1.069746143519031e-19,-1.0269562977782697e-18,-1.0292692624129055e-19
Time:,0.67,x:   ,4.701923894122183e-21,1.5707963267948966,1.0594817315118008e-17,4.840148453066369e-17,-2.9824540908418706e-18,-1.8659407487372925e-16,3.7014847751466445e-19,-4.7019238938568754e-21,0.0,0.0,0.0,-1.069746143519031e-19,-1.0269562977782697e-18,-1.0292692624129055e-19
Time:,0.68,x:   ,4.757681727019463e-21,1.5707963267948966,1.0753762922984493e-17,4.912651463297042e-17,-3.0282871175900564e-18,-1.8938900239865488e-16,3.74175616074296e-19,-4.7576817267501495e-21,0.0,0.0,0.0,-1.069746143519031e-19,-1.0269562977782697e-18,-1.0292692624129055e-19
Time:,0.6900000000000001,x:   ,4.813075245137017e-21,1.5707963267948966,1.0912708507058587e-17,4.9851544733529157e-17,-3.074120221777337e-18,-1.9218392991333133e-16,3.7820277970454977e-19,-4.813075244863814e-21,0.0,0.0,0.0,-1.069746143519031e-19,-1.0269562977782697e-18,-1.0292692624129055e-19
Time:,0.7000000000000001,x:   ,4.868106828862528e-21,1.5707963267948966,1.1071654067495745e-17,5.0576574832351306e-17,-3.119953402897735e-18,-1.9497885741782547e-16,3.8222996824161726e-19,-4.868106828585424e-21,0.0,0.0,0.0,-1.069746143519031e-19,-1.0269562977782697e-18,-1.0292692624129055e-19
Time:,0.71,x:   ,4.922778843030525e-21,1.5707963267948966,1.1230599604450409e-17,5.1301604929448204e-17,-3.1657866604485783e-18,-1.9777378491220386e-16,3.8625718152276045e-19,-4.922778842749479e-21,0.0,0.0,0.0,-1.069746143519031e-19,-1.0269562977782697e-18,-1.0292692624129055e-19
Time:,0.72,x:   ,4.9770936370239984e-21,1.5707963267948966,1.138954511807601e-17,5.202663502483112e-17,-3.2116199939304793e-18,-2.0056871239653272e-16,3.9028441938630473e-19,-4.977093636739095e-21,0.0,0.0,0.0,-1.069746143519031e-19,-1.0269562977782697e-18,-1.0292692624129055e-19
Time:,0.73,x:   ,5.031053544875359e-21,1.5707963267948966,1.1548490608524977e-17,5.275166511851127e-17,-3.257453402847315e-18,-2.0336363987087757e-16,3.9431168167163165e-19,-5.031053544586384e-21,0.0,0.0,0.0,-1.069746143519031e-19,-1.0269562977782697e-18,-1.0292692624129055e-19
Time:,0.74,x:   ,5.0846608853667425e-21,1.5707963267948966,1.1707436075948743e-17,5.3476695210499766e-17,-3.3032868867062024e-18,-2.061585673353037e-16,3.9833896821917232e-19,-5.0846608850736596e-21,0.0,0.0,0.0,-1.069746143519031e-19,-1.0269562977782697e-18,-1.0292692624129055e-19
Time:,0.75,x:   ,5.137917962129644e-21,1.5707963267948966,1.1866381520497752e-17,5.420172530080767e-17,-3.3491204450174797e-18,-2.0895349478987594e-16,4.023662788704005e-19,-5.1379179618324046e-21,0.0,0.0,0.0,-1.069746143519031e-19,-1.0269562977782697e-18,-1.0292692624129055e-19
Time:,0.76,x:   ,5.190827063743918e-21,1.5707963267948966,1.2025326942321468e-17,5.492675538944597e-17,-3.3949540772946844e-18,-2.117484222346586e-16,4.0639361346782577e-19,-5.1908270634427064e-21,0.0,0.0,0.0,-1.069746143519031e-19,-1.0269562977782697e-18,-1.0292692624129055e-19
Time:,0.77,x:   ,5.243390463836119e-21,1.5707963267948966,1.2184272341568374e-17,5.565178547642557e-17,-3.440787783054532e-18,-2.1454334966971577e-16,4.104209718549863e-19,-5.2433904635310954e-21,0.0,0.0,0.0,-1.069746143519031e-19,-1.0269562977782697e-18,-1.0292692624129055e-19
Time:,0.78,x:   ,5.295610421177214e-21,1.5707963267948966,1.2343217718385981e-17,5.637681556175728e-17,-3.486621561816895e-18,-2.1733827709511084e-16,4.1444835387644323e-19,-5.295610420868314e-21,0.0,0.0,0.0,-1.069746143519031e-19,-1.0269562977782697e-18,-1.0292692624129055e-19
Time:,0.79,x:   ,5.347489179779632e-21,1.5707963267948966,1.250216307292084e-17,5.710184564545192e-17,-3.532455413104786e-18,-2.2013320451090706e-16,4.1847575937777287e-19,-5.347489179466762e-21,0.0,0.0,0.0,-1.069746143519031e-19,-1.0269562977782697e-18,-1.0292692624129055e-19
Time:,0.8,x:   ,5.399028968993706e-21,1.5707963267948966,1.2661108405318548e-17,5.782687572752016e-17,-3.578289336444331e-18,-2.2292813191716713e-16,4.225031882055606e-19,-5.399028968677101e-21,0.0,0.0,0.0,-1.069746143519031e-19,-1.0269562977782697e-18,-1.0292692624129055e-19
Time:,0.81,x:   ,5.4502320036034694e-21,1.5707963267948966,1.2820053715723746e-17,5.855190580797259e-17,-3.624123331364753e-18,-2.2572305931395325e-16,4.265306402073943e-19,-5.450232003283223e-21,0.0,0.0,0.0,-1.069746143519031e-19,-1.0269562977782697e-18,-1.0292692624129055e-19
Time:,0.8200000000000001,x:   ,5.5011004839218316e-21,1.5707963267948966,1.2978999004280123e-17,5.927693588681984e-17,-3.669957397398351e-18,-2.285179867013275e-16,4.305581152318576e-19,-5.5011004835975915e-21,0.0,0.0,0.0,-1.069746143519031e-19,-1.0269562977782697e-18,-1.0292692624129055e-19
Time:,0.8300000000000001,x:   ,5.551636595885128e-21,1.5707963267948966,1.3137944271130442e-17,6.000196596407234e-17,-3.7157915340804815e-18,-2.3131291407935123e-16,4.345856131285236e-19,-5.5516365955569965e-21,0.0,0.0,0.0,-1.069746143519031e-19,-1.0269562977782697e-18,-1.0292692624129055e-19
Time:,0.84,x:   ,5.601842511147061e-21,1.5707963267948966,1.3296889516416527e-17,6.072699603974053e-17,-3.7616257409495354e-18,-2.341078414480857e-16,4.386131337479478e-19,-5.601842510814982e-21,0.0,0.0,0.0,-1.069746143519031e-19,-1.0269562977782697e-18,-1.0292692624129055e-19
Time:,0.85,x:   ,5.651720387172011e-21,1.5707963267948966,1.3455834740279277e-17,6.145202611383475e-17,-3.807460017546918e-18,-2.3690276880759134e-16,4.426406769416628e-19,-5.6517203868358144e-21,0.0,0.0,0.0,-1.069746143519031e-19,-1.0269562977782697e-18,-1.0292692624129055e-19
Time:,0.86,x:   ,5.701272367327758e-21,1.5707963267948966,1.3614779942858666e-17,6.21770561863653e-17,-3.853294363417038e-18,-2.396976961579287e-16,4.46668242562171e-19,-5.7012723669875745e-21,0.0,0.0,0.0,-1.069746143519031e-19,-1.0269562977782697e-18,-1.0292692624129055e-19
Time:,0.87,x:   ,5.750500580977579e-21,1.5707963267948966,1.3773725124293759e-17,6.290208625734242e-17,-3.899128778107272e-18,-2.4249262349915756e-16,4.506958304629385e-19,-5.750500580633397e-21,0.0,0.0,0.0,-1.069746143519031e-19,-1.0269562977782697e-18,-1.0292692624129055e-19
Time:,0.88,x:   ,5.799407143571756e-21,1.5707963267948966,1.3932670284722715e-17,6.36271163267762e-17,-3.9449632611679586e-18,-2.452875508313374e-16,4.547234404983887e-19,-5.799407143223577e-21,0.0,0.0,0.0,-1.069746143519031e-19,-1.0269562977782697e-18,-1.0292692624129055e-19
Time:,0.89,x:   ,5.8479941567384755e-21,1.5707963267948966,1.4091615424282774e-17,6.435214639467677e-17,-3.990797812152374e-18,-2.480824781545275e-16,4.587510725238966e-19,-5.8479941563863486e-21,0.0,0.0,0.0,-1.069746143519031e-19,-1.0269562977782697e-18,-1.0292692624129055e-19
Time:,0.9,x:   ,5.896263708374155e-21,1.5707963267948966,1.4250560543110298e-17,6.507717646105412e-17,-4.036632430616714e-18,-2.508774054687864e-16,4.627787263957813e-19,-5.896263708018046e-21,0.0,0.0,0.0,-1.069746143519031e-19,-1.0269562977782697e-18,-1.0292692624129055e-19
Time:,0.91,x:   ,5.944217872733147e-21,1.5707963267948966,1.4409505641340748e-17,6.580220652591825e-17,-4.082467116120072e-18,-2.536723327741727e-16,4.668064019713017e-19,-5.9442178723731966e-21,0.0,0.0,0.0,-1.069746143519031e-19,-1.0269562977782697e-18,-1.0292692624129055e-19
Time:,0.92,x:   ,5.991858710516889e-21,1.5707963267948966,1.456845071910871e-17,6.652723658927899e-17,-4.128301868224423e-18,-2.564672600707441e-16,4.708340991086492e-19,-5.991858710153208e-21,0.0,0.0,0.0,-1.069746143519031e-19,-1.0269562977782697e-18,-1.0292692624129055e-19
Time:,0.93,x:   ,6.039188268962446e-21,1.5707963267948966,1.4727395776547882e-17,6.72522666511462e-17,-4.1741366864946034e-18,-2.592621873585583e-16,4.748618176669409e-19,-6.03918826859498e-21,0.0,0.0,0.0,-1.069746143519031e-19,-1.0269562977782697e-18,-1.0292692624129055e-19
Time:,0.9400000000000001,x:   ,6.0862085819304876e-21,1.5707963267948966,1.4886340813791088e-17,6.797729671152965e-17,-4.219971570498296e-18,-2.620571146376726e-16,4.788895575062155e-19,-6.0862085815594196e-21,0.0,0.0,0.0,-1.069746143519031e-19,-1.0269562977782697e-18,-1.0292692624129055e-19
Time:,0.9500000000000001,x:   ,6.132921669992697e-21,1.5707963267948966,1.5045285830970283e-17,6.870232677043898e-17,-4.265806519806005e-18,-2.648520419081438e-16,4.829173184874253e-19,-6.132921669617657e-21,0.0,0.0,0.0,-1.069746143519031e-19,-1.0269562977782697e-18,-1.0292692624129055e-19
Time:,0.96,x:   ,6.179329540518587e-21,1.5707963267948966,1.5204230828216568e-17,6.942735682788386e-17,-4.311641533991043e-18,-2.6764696917002837e-16,4.869451004724319e-19,-6.179329540139734e-21,0.0,0.0,0.0,-1.069746143519031e-19,-1.0269562977782697e-18,-1.0292692624129055e-19
Time:,0.97,x:   ,6.225434187761766e-21,1.5707963267948966,1.536317580566017e-17,7.015238688387383e-17,-4.357476612629509e-18,-2.704418964233824e-16,4.909729033239987e-19,-6.225434187378999e-21,0.0,0.0,0.0,-1.069746143519031e-19,-1.0269562977782697e-18,-1.0292692624129055e-19
Time:,0.98,x:   ,6.271237592945639e-21,1.5707963267948966,1.5522120763430487e-17,7.087741693841842e-17,-4.403311755300272e-18,-2.732368236682617e-16,4.950007269057865e-19,-6.2712375925590275e-21,0.0,0.0,0.0,-1.069746143519031e-19,-1.0269562977782697e-18,-1.0292692624129055e-19
Time:,0.99,x:   ,6.316741724348541e-21,1.5707963267948966,1.5681065701656054e-17,7.160244699152707e-17,-4.449146961584954e-18,-2.760317509047215e-16,4.990285710823463e-19,-6.3167417239581146e-21,0.0,0.0,0.0,-1.069746143519031e-19,-1.0269562977782697e-18,-1.0292692624129055e-19
Time:,1.0,x:   ,6.361948537388316e-21,1.5707963267948966,1.5840010620464583e-17,7.232747704320918e-17,-4.4949822310679085e-18,-2.788266781328168e-16,5.030564357191147e-19,-6.3619485369940885e-21,0.0,0.0,0.0,-1.069746143519031e-19,-1.0269562977782697e-18,-1.0292692624129055e-19
Time:,1.01,x:   ,6.40685997470636e-21,1.5707963267948966,1.599895551998294e-17,7.305250709347403e-17,-4.540817563336207e-18,-2.816216053526024e-16,5.070843206824069e-19,-6.406859974307894e-21,0.0,0.0,0.0,-1.069746143519031e-19,-1.0269562977782697e-18,-1.0292692624129055e-19
Time:,1.02,x:   ,6.4514779662510806e-21,1.5707963267948966,1.6157900400337168e-17,7.377753714233092e-17,-4.586652957979617e-18,-2.844165325641327e-16,5.11112225839412e-19,-6.45147796584869e-21,0.0,0.0,0.0,-1.069746143519031e-19,-1.0269562977782697e-18,-1.0292692624129055e-19
Time:,1.03,x:   ,6.495804429360844e-21,1.5707963267948966,1.6316845261652482e-17,7.450256718978901e-17,-4.632488414590587e-18,-2.8721145976746133e-16,5.15140151058187e-19,-6.495804428954442e-21,0.0,0.0,0.0,-1.069746143519031e-19,-1.0269562977782697e-18,-1.0292692624129055e-19
Time:,1.04,x:   ,6.539841268846369e-21,1.5707963267948966,1.6475790104053273e-17,7.522759723585746e-17,-4.678323932764228e-18,-2.9000638696264206e-16,5.191680962076506e-19,-6.539841268436039e-21,0.0,0.0,0.0,-1.069746143519031e-19,-1.0269562977782697e-18,-1.0292692624129055e-19
Time:,1.05,x:   ,6.583590377072569e-21,1.5707963267948966,1.663473492766314e-17,7.595262728054538e-17,-4.724159512098298e-18,-2.92801314149728e-16,5.231960611575786e-19,-6.5835903766582816e-21,0.0,0.0,0.0,-1.069746143519031e-19,-1.0269562977782697e-18,-1.0292692624129055e-19
Time:,1.06,x:   ,6.627053634039887e-21,1.5707963267948966,1.6793679732604846e-17,7.667765732386177e-17,-4.769995152193182e-18,-2.9559624132877225e-16,5.272240457785965e-19,-6.627053633621858e-21,0.0,0.0,0.0,-1.069746143519031e-19,-1.0269562977782697e-18,-1.0292692624129055e-19
Time:,1.07,x:   ,6.67023290746507e-21,1.5707963267948966,1.6952624519000366e-17,7.740268736581557e-17,-4.815830852651876e-18,-2.983911684998272e-16,5.312520499421764e-19,-6.6702329070431475e-21,0.0,0.0,0.0,-1.069746143519031e-19,-1.0269562977782697e-18,-1.0292692624129055e-19
Time:,1.08,x:   ,6.7131300528614406e-21,1.5707963267948966,1.7111569286970888e-17,7.81277174064157e-17,-4.861666613079972e-18,-3.0118609566294513e-16,5.352800735206293e-19,-6.7131300524353805e-21,0.0,0.0,0.0,-1.069746143519031e-19,-1.0269562977782697e-18,-1.0292692624129055e-19
Time:,1.09,x:   ,6.7557469136186204e-21,1.5707963267948966,1.72705140366368e-17,7.8852747445671e-17,-4.9075024330856354e-18,-3.039810228181779e-16,5.393081163871008e-19,-6.7557469131889665e-21,0.0,0.0,0.0,-1.069746143519031e-19,-1.0269562977782697e-18,-1.0292692624129055e-19
Time:,1.1,x:   ,6.798085321081758e-21,1.5707963267948966,1.7429458768117688e-17,7.957777748359025e-17,-4.9533383122795946e-18,-3.0677594996557694e-16,5.433361784155654e-19,-6.798085320648308e-21,0.0,0.0,0.0,-1.069746143519031e-19,-1.0269562977782697e-18,-1.0292692624129055e-19
Time:,1.11,x:   ,6.840147094630215e-21,1.5707963267948966,1.7588403481532386e-17,8.03028075201822e-17,-4.99917425027512e-18,-3.0957087710519337e-16,5.473642594808212e-19,-6.840147094192925e-21,0.0,0.0,0.0,-1.069746143519031e-19,-1.0269562977782697e-18,-1.0292692624129055e-19
Time:,1.12,x:   ,6.881934041755757e-21,1.5707963267948966,1.774734817699893e-17,8.10278375554555e-17,-5.0450102466880096e-18,-3.123658042370782e-16,5.51392359458484e-19,-6.881934041314306e-21,0.0,0.0,0.0,-1.069746143519031e-19,-1.0269562977782697e-18,-1.0292692624129055e-19
Time:,1.1300000000000001,x:   ,6.923447958140213e-21,1.5707963267948966,1.790629285463458e-17,8.175286758941878e-17,-5.090846301136574e-18,-3.1516073136128214e-16,5.554204782249826e-19,-6.923447957694887e-21,0.0,0.0,0.0,-1.069746143519031e-19,-1.0269562977782697e-18,-1.0292692624129055e-19
Time:,1.1400000000000001,x:   ,6.964690627732664e-21,1.5707963267948966,1.8065237514555853e-17,8.247789762208057e-17,-5.136682413241613e-18,-3.1795565847785505e-16,5.594486156575531e-19,-6.96469062728345e-21,0.0,0.0,0.0,-1.069746143519031e-19,-1.0269562977782697e-18,-1.0292692624129055e-19
Time:,1.1500000000000001,x:   ,7.005663822826071e-21,1.5707963267948966,1.82241821568785e-17,8.320292765344947e-17,-5.182518582626407e-18,-3.2075058558684667e-16,5.634767716342334e-19,-7.005663822373033e-21,0.0,0.0,0.0,-1.069746143519031e-19,-1.0269562977782697e-18,-1.0292692624129055e-19
Time:,1.16,x:   ,7.046369304133463e-21,1.5707963267948966,1.8383126781717494e-17,8.392795768353381e-17,-5.228354808916693e-18,-3.235455126883068e-16,5.675049460338589e-19,-7.046369303676502e-21,0.0,0.0,0.0,-1.069746143519031e-19,-1.0269562977782697e-18,-1.0292692624129055e-19
Time:,1.17,x:   ,7.086808820863593e-21,1.5707963267948966,1.8542071389187085e-17,8.465298771234205e-17,-5.2741910917406635e-18,-3.263404397822846e-16,5.715331387360559e-19,-7.086808820402808e-21,0.0,0.0,0.0,-1.069746143519031e-19,-1.0269562977782697e-18,-1.0292692624129055e-19
Time:,1.18,x:   ,7.126984110796095e-21,1.5707963267948966,1.8701015979400747e-17,8.537801773988255e-17,-5.320027430728933e-18,-3.291353668688288e-16,5.755613496212383e-19,-7.126984110331278e-21,0.0,0.0,0.0,-1.069746143519031e-19,-1.0269562977782697e-18,-1.0292692624129055e-19
Time:,1.19,x:   ,7.166896900356158e-21,1.5707963267948966,1.885996055247124e-17,8.610304776616355e-17,-5.365863825514529e-18,-3.3193029394798826e-16,5.795895785706001e-19,-7.166896899887352e-21,0.0,0.0,0.0,-1.069746143519031e-19,-1.0269562977782697e-18,-1.0292692624129055e-19
Time:,1.2,x:   ,7.206548904688737e-21,1.5707963267948966,1.9018905108510574e-17,8.682807779119324e-17,-5.411700275732881e-18,-3.3472522101981117e-16,5.836178254661125e-19,-7.206548904215999e-21,0.0,0.0,0.0,-1.069746143519031e-19,-1.0269562977782697e-18,-1.0292692624129055e-19
Time:,1.21,x:   ,7.245941827732224e-21,1.5707963267948966,1.917784964763002e-17,8.755310781497985e-17,-5.4575367810217955e-18,-3.375201480843454e-16,5.876460901905179e-19,-7.245941827255288e-21,0.0,0.0,0.0,-1.069746143519031e-19,-1.0269562977782697e-18,-1.0292692624129055e-19
Time:,1.22,x:   ,7.28507736229171e-21,1.5707963267948966,1.933679416994013e-17,8.827813783753146e-17,-5.503373341021452e-18,-3.4031507514163837e-16,5.916743726273242e-19,-7.2850773618108e-21,0.0,0.0,0.0,-1.069746143519031e-19,-1.0269562977782697e-18,-1.0292692624129055e-19
Time:,1.23,x:   ,7.323957190111696e-21,1.5707963267948966,1.9495738675550743e-17,8.900316785885615e-17,-5.5492099553743715e-18,-3.4311000219173763e-16,5.957026726608006e-19,-7.323957189626788e-21,0.0,0.0,0.0,-1.069746143519031e-19,-1.0269562977782697e-18,-1.0292692624129055e-19
Time:,1.24,x:   ,7.362582981948365e-21,1.5707963267948966,1.9654683164570968e-17,8.972819787896197e-17,-5.5950466237254215e-18,-3.4590492923469025e-16,5.997309901759726e-19,-7.36258298145974e-21,0.0,0.0,0.0,-1.069746143519031e-19,-1.0269562977782697e-18,-1.0292692624129055e-19
Time:,1.25,x:   ,7.400956397641392e-21,1.5707963267948966,1.9813627637109207e-17,9.045322789785689e-17,-5.6408833457217834e-18,-3.4869985627054273e-16,6.037593250586173e-19,-7.400956397148928e-21,0.0,0.0,0.0,-1.069746143519031e-19,-1.0269562977782697e-18,-1.0292692624129055e-19
Time:,1.26,x:   ,7.439079086185267e-21,1.5707963267948966,1.9972572093273147e-17,9.117825791554879e-17,-5.686720121012948e-18,-3.5149478329934156e-16,6.077876771952579e-19,-7.439079085688794e-21,0.0,0.0,0.0,-1.069746143519031e-19,-1.0269562977782697e-18,-1.0292692624129055e-19
Time:,1.27,x:   ,7.476952685800163e-21,1.5707963267948966,2.0131516533169783e-17,9.190328793204556e-17,-5.73255694925069e-18,-3.542897103211328e-16,6.118160464731587e-19,-7.476952685299547e-21,0.0,0.0,0.0,-1.069746143519031e-19,-1.0269562977782697e-18,-1.0292692624129055e-19
Time:,1.28,x:   ,7.514578824002311e-21,1.5707963267948966,2.0290460956905398e-17,9.262831794735497e-17,-5.778393830089064e-18,-3.5708463733596227e-16,6.158444327803205e-19,-7.514578823497642e-21,0.0,0.0,0.0,-1.069746143519031e-19,-1.0269562977782697e-18,-1.0292692624129055e-19
Time:,1.29,x:   ,7.551959117673954e-21,1.5707963267948966,2.0449405364585577e-17,9.335334796148479e-17,-5.824230763184381e-18,-3.598795643438755e-16,6.198728360054766e-19,-7.551959117165483e-21,0.0,0.0,0.0,-1.069746143519031e-19,-1.0269562977782697e-18,-1.0292692624129055e-19
Time:,1.3,x:   ,7.589095173132832e-21,1.5707963267948966,2.0608349756315244e-17,9.407837797444273e-17,-5.870067748195207e-18,-3.626744913449176e-16,6.239012560380869e-19,-7.589095172620537e-21,0.0,0.0,0.0,-1.069746143519031e-19,-1.0269562977782697e-18,-1.0292692624129055e-19
Time:,1.31,x:   ,7.625988586201199e-21,1.5707963267948966,2.0767294132198603e-17,9.480340798623648e-17,-5.915904784782329e-18,-3.654694183391333e-16,6.279296927683335e-19,-7.625988585684958e-21,0.0,0.0,0.0,-1.069746143519031e-19,-1.0269562977782697e-18,-1.0292692624129055e-19
Time:,1.32,x:   ,7.662640942274408e-21,1.5707963267948966,2.0926238492339195e-17,9.552843799687359e-17,-5.961741872608755e-18,-3.682643453265675e-16,6.319581460871159e-19,-7.66264094175414e-21,0.0,0.0,0.0,-1.069746143519031e-19,-1.0269562977782697e-18,-1.0292692624129055e-19
Time:,1.33,x:   ,7.69905381638903e-21,1.5707963267948966,2.1085182836839887e-17,9.625346800636167e-17,-6.007579011339692e-18,-3.710592723072645e-16,6.359866158860468e-19,-7.699053815864604e-21,0.0,0.0,0.0,-1.069746143519031e-19,-1.0269562977782697e-18,-1.0292692624129055e-19
Time:,1.34,x:   ,7.735228773290549e-21,1.5707963267948966,2.1244127165802853e-17,9.697849801470822e-17,-6.053416200642535e-18,-3.738541992812682e-16,6.400151020574474e-19,-7.735228772762221e-21,0.0,0.0,0.0,-1.069746143519031e-19,-1.0269562977782697e-18,-1.0292692624129055e-19
Time:,1.35,x:   ,7.771167367500585e-21,1.5707963267948966,2.140307147932963e-17,9.770352802192064e-17,-6.099253440186859e-18,-3.7664912624862233e-16,6.440436044943413e-19,-7.771167366968275e-21,0.0,0.0,0.0,-1.069746143519031e-19,-1.0269562977782697e-18,-1.0292692624129055e-19
Time:,1.36,x:   ,7.806871143383718e-21,1.5707963267948966,2.156201577752107e-17,9.842855802800636e-17,-6.145090729644389e-18,-3.794440532093702e-16,6.48072123090452e-19,-7.806871142847301e-21,0.0,0.0,0.0,-1.069746143519031e-19,-1.0269562977782697e-18,-1.0292692624129055e-19
Time:,1.37,x:   ,7.842341635213837e-21,1.5707963267948966,2.172096006047737e-17,9.915358803297282e-17,-6.190928068688995e-18,-3.822389801635552e-16,6.521006577401974e-19,-7.842341634673469e-21,0.0,0.0,0.0,-1.069746143519031e-19,-1.0269562977782697e-18,-1.0292692624129055e-19
Time:,1.3800000000000001,x:   ,7.877580367240072e-21,1.5707963267948966,2.1879904328298075e-17,9.987861803682726e-17,-6.2367654569966865e-18,-3.8503390711122016e-16,6.561292083386849e-19,-7.877580366696048e-21,0.0,0.0,0.0,-1.069746143519031e-19,-1.0269562977782697e-18,-1.0292692624129055e-19
Time:,1.3900000000000001,x:   ,7.912588853752297e-21,1.5707963267948966,2.2038848581082084e-17,1.0060364803957697e-16,-6.282602894245583e-18,-3.8782883405240765e-16,6.601577747817075e-19,-7.912588853204354e-21,0.0,0.0,0.0,-1.069746143519031e-19,-1.0269562977782697e-18,-1.0292692624129055e-19
Time:,1.4000000000000001,x:   ,7.947368599146208e-21,1.5707963267948966,2.2197792818927644e-17,1.0132867804122916e-16,-6.328440380115906e-18,-3.9062376098716e-16,6.641863569657391e-19,-7.947368598594158e-21,0.0,0.0,0.0,-1.069746143519031e-19,-1.0269562977782697e-18,-1.0292692624129055e-19
Time:,1.41,x:   ,7.981921097987968e-21,1.5707963267948966,2.2356737041932357e-17,1.0205370804179099e-16,-6.374277914289973e-18,-3.934186879155193e-16,6.682149547879295e-19,-7.981921097431794e-21,0.0,0.0,0.0,-1.069746143519031e-19,-1.0269562977782697e-18,-1.0292692624129055e-19
Time:,1.42,x:   ,8.016247835078424e-21,1.5707963267948966,2.2515681250193195e-17,1.0277873804126961e-16,-6.42011549645217e-18,-3.9621361483752727e-16,6.722435681461011e-19,-8.016247834518332e-21,0.0,0.0,0.0,-1.069746143519031e-19,-1.0269562977782697e-18,-1.0292692624129055e-19
Time:,1.43,x:   ,8.050350285516912e-21,1.5707963267948966,2.2674625443806498e-17,1.0350376803967206e-16,-6.465953126288951e-18,-3.990085417532254e-16,6.762721969387436e-19,-8.05035028495299e-21,0.0,0.0,0.0,-1.069746143519031e-19,-1.0269562977782697e-18,-1.0292692624129055e-19
Time:,1.44,x:   ,8.084229914764664e-21,1.5707963267948966,2.283356962286796e-17,1.0422879803700544e-16,-6.5117908034888136e-18,-4.01803468662655e-16,6.803008410650105e-19,-8.084229914196926e-21,0.0,0.0,0.0,-1.069746143519031e-19,-1.0269562977782697e-18,-1.0292692624129055e-19
Time:,1.45,x:   ,8.117888178707768e-21,1.5707963267948966,2.2992513787472667e-17,1.0495382803327666e-16,-6.557628527742297e-18,-4.0459839556585693e-16,6.843295004247132e-19,-8.11788817813586e-21,0.0,0.0,0.0,-1.069746143519031e-19,-1.0269562977782697e-18,-1.0292692624129055e-19
Time:,1.46,x:   ,8.151326523719722e-21,1.5707963267948966,2.3151457937715078e-17,1.0567885802849274e-16,-6.6034662987419545e-18,-4.0739332246287176e-16,6.883581749183188e-19,-8.151326523143838e-21,0.0,0.0,0.0,-1.069746143519031e-19,-1.0269562977782697e-18,-1.0292692624129055e-19
Time:,1.47,x:   ,8.184546386723614e-21,1.5707963267948966,2.331040207368903e-17,1.0640388802266047e-16,-6.649304116182355e-18,-4.1018824935374013e-16,6.923868644469439e-19,-8.184546386143778e-21,0.0,0.0,0.0,-1.069746143519031e-19,-1.0269562977782697e-18,-1.0292692624129055e-19
Time:,1.48,x:   ,8.21754919525384e-21,1.5707963267948966,2.3469346195487745e-17,1.0712891801578677e-16,-6.69514197976006e-18,-4.1298317623850223e-16,6.964155689123518e-19,-8.21754919466985e-21,0.0,0.0,0.0,-1.069746143519031e-19,-1.0269562977782697e-18,-1.0292692624129055e-19
Time:,1.49,x:   ,8.250336367517472e-21,1.5707963267948966,2.362829030320386e-17,1.0785394800787842e-16,-6.740979889173615e-18,-4.1577810311719794e-16,7.004442882169472e-19,-8.250336366929646e-21,0.0,0.0,0.0,-1.069746143519031e-19,-1.0269562977782697e-18,-1.0292692624129055e-19
Time:,1.5,x:   ,8.282909312455187e-21,1.5707963267948966,2.3787234396929386e-17,1.0857897799894218e-16,-6.7868178441235346e-18,-4.1857302998986675e-16,7.0447302226377305e-19,-8.282909311863421e-21,0.0,0.0,0.0,-1.069746143519031e-19,-1.0269562977782697e-18,-1.0292692624129055e-19
Time:,1.51,x:   ,8.31526942980182e-21,1.5707963267948966,2.3946178476755722e-17,1.0930400798898479e-16,-6.832655844312285e-18,-4.213679568565481e-16,7.085017709565048e-19,-8.315269429206175e-21,0.0,0.0,0.0,-1.069746143519031e-19,-1.0269562977782697e-18,-1.0292692624129055e-19
Time:,1.52,x:   ,8.347418110146518e-21,1.5707963267948966,2.4105122542773698e-17,1.1002903797801288e-16,-6.878493889444289e-18,-4.241628837172811e-16,7.125305341994484e-19,-8.347418109546858e-21,0.0,0.0,0.0,-1.069746143519031e-19,-1.0269562977782697e-18,-1.0292692624129055e-19
Time:,1.53,x:   ,8.379356734992478e-21,1.5707963267948966,2.426406659507353e-17,1.1075406796603313e-16,-6.924331979225887e-18,-4.269578105721046e-16,7.165593118975346e-19,-8.379356734388722e-21,0.0,0.0,0.0,-1.069746143519031e-19,-1.0269562977782697e-18,-1.0292692624129055e-19
Time:,1.54,x:   ,8.411086676816341e-21,1.5707963267948966,2.4423010633744845e-17,1.1147909795305207e-16,-6.970170113365347e-18,-4.2975273742105744e-16,7.205881039563149e-19,-8.411086676208527e-21,0.0,0.0,0.0,-1.069746143519031e-19,-1.0269562977782697e-18,-1.0292692624129055e-19
Time:,1.55,x:   ,8.442609299127143e-21,1.5707963267948966,2.4581954658876696e-17,1.1220412793907636e-16,-7.016008291572837e-18,-4.3254766426417774e-16,7.246169102819587e-19,-8.44260929851534e-21,0.0,0.0,0.0,-1.069746143519031e-19,-1.0269562977782697e-18,-1.0292692624129055e-19
Time:,1.56,x:   ,8.473925956524925e-21,1.5707963267948966,2.4740898670557548e-17,1.1292915792411235e-16,-7.061846513560422e-18,-4.3534259110150366e-16,7.286457307812477e-19,-8.473925955909324e-21,0.0,0.0,0.0,-1.069746143519031e-19,-1.0269562977782697e-18,-1.0292692624129055e-19
Time:,1.57,x:   ,8.505037994758936e-21,1.5707963267948966,2.4899842668875286e-17,1.1365418790816659e-16,-7.107684779042049e-18,-4.381375179330729e-16,7.326745653615733e-19,-8.505037994139325e-21,0.0,0.0,0.0,-1.069746143519031e-19,-1.0269562977782697e-18,-1.0292692624129055e-19
Time:,1.58,x:   ,8.535946750785472e-21,1.5707963267948966,2.505878665391722e-17,1.1437921789124547e-16,-7.153523087733535e-18,-4.4093244475892337e-16,7.36703413930932e-19,-8.53594675016194e-21,0.0,0.0,0.0,-1.069746143519031e-19,-1.0269562977782697e-18,-1.0292692624129055e-19
Time:,1.59,x:   ,8.566653552825322e-21,1.5707963267948966,2.52177306257701e-17,1.151042478733554e-16,-7.199361439352554e-18,-4.4372737157909225e-16,7.407322763979209e-19,-8.566653552197887e-21,0.0,0.0,0.0,-1.069746143519031e-19,-1.0269562977782697e-18,-1.0292692624129055e-19
Time:,1.6,x:   ,8.597159720420838e-21,1.5707963267948966,2.53766745845201e-17,1.1582927785450259e-16,-7.24519983361862e-18,-4.465222983936168e-16,7.447611526717348e-19,-8.597159719789402e-21,0.0,0.0,0.0,-1.069746143519031e-19,-1.0269562977782697e-18,-1.0292692624129055e-19
Time:,1.61,x:   ,8.627466564492654e-21,1.5707963267948966,2.553561853025283e-17,1.1655430783469342e-16,-7.291038270253083e-18,-4.493172252025336e-16,7.487900426621612e-19,-8.627466563857181e-21,0.0,0.0,0.0,-1.069746143519031e-19,-1.0269562977782697e-18,-1.0292692624129055e-19
Time:,1.62,x:   ,8.657575387396e-21,1.5707963267948966,2.569456246305335e-17,1.172793378139341e-16,-7.336876748979114e-18,-4.521121520058796e-16,7.528189462795777e-19,-8.65757538675661e-21,0.0,0.0,0.0,-1.069746143519031e-19,-1.0269562977782697e-18,-1.0292692624129055e-19
Time:,1.6300000000000001,x:   ,8.687487482976688e-21,1.5707963267948966,2.5853506383006156e-17,1.180043677922309e-16,-7.382715269521692e-18,-4.549070788036912e-16,7.568478634349472e-19,-8.687487482333463e-21,0.0,0.0,0.0,-1.069746143519031e-19,-1.0269562977782697e-18,-1.0292692624129055e-19
Time:,1.6400000000000001,x:   ,8.717204136626698e-21,1.5707963267948966,2.6012450290195185e-17,1.1872939776959005e-16,-7.42855383160759e-18,-4.577020055960046e-16,7.608767940398144e-19,-8.717204135979557e-21,0.0,0.0,0.0,-1.069746143519031e-19,-1.0269562977782697e-18,-1.0292692624129055e-19
Time:,1.6500000000000001,x:   ,8.746726625339414e-21,1.5707963267948966,2.6171394184703836e-17,1.1945442774601753e-16,-7.47439243496537e-18,-4.604969323828553e-16,7.64905738006302e-19,-8.746726624688534e-21,0.0,0.0,0.0,-1.069746143519031e-19,-1.0269562977782697e-18,-1.0292692624129055e-19
Time:,1.6600000000000001,x:   ,8.776056217764511e-21,1.5707963267948966,2.6330338066614967e-17,1.2017945772151945e-16,-7.520231079325369e-18,-4.632918591642792e-16,7.68934695247107e-19,-8.776056217109592e-21,0.0,0.0,0.0,-1.069746143519031e-19,-1.0269562977782697e-18,-1.0292692624129055e-19
Time:,1.67,x:   ,8.805194174262456e-21,1.5707963267948966,2.6489281936010884e-17,1.2090448769610195e-16,-7.56606976441968e-18,-4.660867859403121e-16,7.729636656754963e-19,-8.805194173603755e-21,0.0,0.0,0.0,-1.069746143519031e-19,-1.0269562977782697e-18,-1.0292692624129055e-19
Time:,1.68,x:   ,8.834141746958688e-21,1.5707963267948966,2.6648225792973368e-17,1.2162951766977096e-16,-7.611908489982155e-18,-4.688817127109888e-16,7.7699264920530375e-19,-8.834141746296218e-21,0.0,0.0,0.0,-1.069746143519031e-19,-1.0269562977782697e-18,-1.0292692624129055e-19
Time:,1.69,x:   ,8.8629001797974e-21,1.5707963267948966,2.680716963758365e-17,1.2235454764253242e-16,-7.657747255748378e-18,-4.716766394763444e-16,7.810216457509266e-19,-8.862900179131186e-21,0.0,0.0,0.0,-1.069746143519031e-19,-1.0269562977782697e-18,-1.0292692624129055e-19
Time:,1.7,x:   ,8.891470708595012e-21,1.5707963267948966,2.6966113469922437e-17,1.2307957761439225e-16,-7.703586061455656e-18,-4.744715662364139e-16,7.85050655227321e-19,-8.891470707924846e-21,0.0,0.0,0.0,-1.069746143519031e-19,-1.0269562977782697e-18,-1.0292692624129055e-19
Time:,1.71,x:   ,8.91985456109328e-21,1.5707963267948966,2.7125057290069903e-17,1.2380460758535644e-16,-7.749424906843026e-18,-4.772664929912313e-16,7.890796775499991e-19,-8.919854560419162e-21,0.0,0.0,0.0,-1.069746143519031e-19,-1.0269562977782697e-18,-1.0292692624129055e-19
Time:,1.72,x:   ,8.948052957012039e-21,1.5707963267948966,2.7284001098105714e-17,1.2452963755543083e-16,-7.79526379165122e-18,-4.800614197408316e-16,7.931087126350247e-19,-8.948052956334229e-21,0.0,0.0,0.0,-1.069746143519031e-19,-1.0269562977782697e-18,-1.0292692624129055e-19
Time:,1.73,x:   ,8.976067108101627e-21,1.5707963267948966,2.7442944894109008e-17,1.2525466752462117e-16,-7.84110271562267e-18,-4.828563464852485e-16,7.971377603990101e-19,-8.976067107419823e-21,0.0,0.0,0.0,-1.069746143519031e-19,-1.0269562977782697e-18,-1.0292692624129055e-19
Time:,1.74,x:   ,9.003898218194957e-21,1.5707963267948966,2.76018886781584e-17,1.2597969749293324e-16,-7.886941678501489e-18,-4.856512732245162e-16,8.01166820759113e-19,-9.003898217509377e-21,0.0,0.0,0.0,-1.069746143519031e-19,-1.0269562977782697e-18,-1.0292692624129055e-19
Time:,1.75,x:   ,9.031547483259246e-21,1.5707963267948966,2.7760832450331997e-17,1.267047274603728e-16,-7.932780680033461e-18,-4.884461999586677e-16,8.051958936330315e-19,-9.031547482569925e-21,0.0,0.0,0.0,-1.069746143519031e-19,-1.0269562977782697e-18,-1.0292692624129055e-19
Time:,1.76,x:   ,9.059016091447411e-21,1.5707963267948966,2.791977621070739e-17,1.274297574269456e-16,-7.978619719966031e-18,-4.912411266877371e-16,8.092249789390019e-19,-9.059016090754082e-21,0.0,0.0,0.0,-1.069746143519031e-19,-1.0269562977782697e-18,-1.0292692624129055e-19
Time:,1.77,x:   ,9.086305223149116e-21,1.5707963267948966,2.807871995936166e-17,1.281547873926572e-16,-8.024458798048293e-18,-4.940360534117573e-16,8.132540765957947e-19,-9.086305222451743e-21,0.0,0.0,0.0,-1.069746143519031e-19,-1.0269562977782697e-18,-1.0292692624129055e-19
Time:,1.78,x:   ,9.113416051041526e-21,1.5707963267948966,2.823766369637141e-17,1.2887981735751335e-16,-8.07029791403098e-18,-4.968309801307612e-16,8.172831865227116e-19,-9.113416050340015e-21,0.0,0.0,0.0,-1.069746143519031e-19,-1.0269562977782697e-18,-1.0292692624129055e-19
Time:,1.79,x:   ,9.140349740139653e-21,1.5707963267948966,2.8396607421812714e-17,1.2960484732151952e-16,-8.116137067666456e-18,-4.996259068447816e-16,8.213123086395807e-19,-9.140349739434477e-21,0.0,0.0,0.0,-1.069746143519031e-19,-1.0269562977782697e-18,-1.0292692624129055e-19
Time:,1.8,x:   ,9.16710744784646e-21,1.5707963267948966,2.8555551135761165e-17,1.3032987728468132e-16,-8.161976258708702e-18,-5.024208335538512e-16,8.253414428667543e-19,-9.167107447137196e-21,0.0,0.0,0.0,-1.069746143519031e-19,-1.0269562977782697e-18,-1.0292692624129055e-19
Time:,1.81,x:   ,9.193690324002582e-21,1.5707963267948966,2.871449483829184e-17,1.310549072470043e-16,-8.207815486913309e-18,-5.052157602580024e-16,8.293705891251051e-19,-9.19369032328959e-21,0.0,0.0,0.0,-1.069746143519031e-19,-1.0269562977782697e-18,-1.0292692624129055e-19
Time:,1.82,x:   ,9.220099510935729e-21,1.5707963267948966,2.8873438529479374e-17,1.317799372084939e-16,-8.253654752037464e-18,-5.080106869572672e-16,8.333997473360233e-19,-9.220099510218851e-21,0.0,0.0,0.0,-1.069746143519031e-19,-1.0269562977782697e-18,-1.0292692624129055e-19
Time:,1.83,x:   ,9.246336143509791e-21,1.5707963267948966,2.903238220939786e-17,1.325049671691556e-16,-8.299494053839933e-18,-5.108056136516775e-16,8.37428917421412e-19,-9.246336142788722e-21,0.0,0.0,0.0,-1.069746143519031e-19,-1.0269562977782697e-18,-1.0292692624129055e-19
Time:,1.84,x:   ,9.272401349173598e-21,1.5707963267948966,2.91913258781209e-17,1.3322999712899467e-16,-8.345333392081068e-18,-5.13600540341265e-16,8.41458099303685e-19,-9.272401348448448e-21,0.0,0.0,0.0,-1.069746143519031e-19,-1.0269562977782697e-18,-1.0292692624129055e-19
Time:,1.85,x:   ,9.298296248009366e-21,1.5707963267948966,2.935026953572168e-17,1.3395502708801662e-16,-8.391172766522782e-18,-5.163954670260612e-16,8.45487292905763e-19,-9.29829624728023e-21,0.0,0.0,0.0,-1.069746143519031e-19,-1.0269562977782697e-18,-1.0292692624129055e-19
Time:,1.86,x:   ,9.324021952780833e-21,1.5707963267948966,2.9509213182272865e-17,1.3468005704622674e-16,-8.43701217692855e-18,-5.191903937060975e-16,8.495164981510704e-19,-9.324021952047974e-21,0.0,0.0,0.0,-1.069746143519031e-19,-1.0269562977782697e-18,-1.0292692624129055e-19
Time:,1.87,x:   ,9.349579568981072e-21,1.5707963267948966,2.966815681784665e-17,1.3540508700363041e-16,-8.482851623063384e-18,-5.219853203814052e-16,8.535457149635313e-19,-9.349579568244294e-21,0.0,0.0,0.0,-1.069746143519031e-19,-1.0269562977782697e-18,-1.0292692624129055e-19
Time:,1.8800000000000001,x:   ,9.37497019488001e-21,1.5707963267948966,2.9827100442514773e-17,1.3613011696023286e-16,-8.528691104693837e-18,-5.247802470520149e-16,8.5757494326756745e-19,-9.374970194139383e-21,0.0,0.0,0.0,-1.069746143519031e-19,-1.0269562977782697e-18,-1.0292692624129055e-19
Time:,1.8900000000000001,x:   ,9.400194921571606e-21,1.5707963267948966,2.9986044056348474e-17,1.3685514691603926e-16,-8.574530621587982e-18,-5.275751737179576e-16,8.616041829880943e-19,-9.400194920827076e-21,0.0,0.0,0.0,-1.069746143519031e-19,-1.0269562977782697e-18,-1.0292692624129055e-19
Time:,1.9000000000000001,x:   ,9.425254833020752e-21,1.5707963267948966,3.014498765941854e-17,1.375801768710549e-16,-8.620370173515413e-18,-5.303701003792634e-16,8.65633434050518e-19,-9.425254832272039e-21,0.0,0.0,0.0,-1.069746143519031e-19,-1.0269562977782697e-18,-1.0292692624129055e-19
Time:,1.9100000000000001,x:   ,9.450151006109848e-21,1.5707963267948966,3.03039312517953e-17,1.3830520682528487e-16,-8.66620976024722e-18,-5.331650270359628e-16,8.696626963807321e-19,-9.450151005357103e-21,0.0,0.0,0.0,-1.069746143519031e-19,-1.0269562977782697e-18,-1.0292692624129055e-19
Time:,1.92,x:   ,9.474884510685072e-21,1.5707963267948966,3.0462874833548635e-17,1.390302367787344e-16,-8.712049381556001e-18,-5.359599536880859e-16,8.736919699051143e-19,-9.474884509928392e-21,0.0,0.0,0.0,-1.069746143519031e-19,-1.0269562977782697e-18,-1.0292692624129055e-19
Time:,1.93,x:   ,9.499456409602362e-21,1.5707963267948966,3.0621818404747954e-17,1.3975526673140852e-16,-8.757889037215835e-18,-5.387548803356625e-16,8.77721254550523e-19,-9.499456408841935e-21,0.0,0.0,0.0,-1.069746143519031e-19,-1.0269562977782697e-18,-1.0292692624129055e-19
Time:,1.94,x:   ,9.523867758773083e-21,1.5707963267948966,3.0780761965462214e-17,1.4048029668331226e-16,-8.803728727002273e-18,-5.415498069787226e-16,8.81750550244295e-19,-9.523867758008895e-21,0.0,0.0,0.0,-1.069746143519031e-19,-1.0269562977782697e-18,-1.0292692624129055e-19
Time:,1.95,x:   ,9.548119607209413e-21,1.5707963267948966,3.093970551575992e-17,1.4120532663445078e-16,-8.849568450692339e-18,-5.443447336172953e-16,8.85779856914242e-19,-9.548119606441083e-21,0.0,0.0,0.0,-1.069746143519031e-19,-1.0269562977782697e-18,-1.0292692624129055e-19
Time:,1.96,x:   ,9.572212997069413e-21,1.5707963267948966,3.109864905570913e-17,1.419303565848289e-16,-8.895408208064508e-18,-5.471396602514101e-16,8.898091744886462e-19,-9.572212996296925e-21,0.0,0.0,0.0,-1.069746143519031e-19,-1.0269562977782697e-18,-1.0292692624129055e-19
Time:,1.97,x:   ,9.596148963701813e-21,1.5707963267948966,3.1257592585377446e-17,1.4265538653445176e-16,-8.941247998898707e-18,-5.499345868810961e-16,8.938385028962601e-19,-9.596148962925624e-21,0.0,0.0,0.0,-1.069746143519031e-19,-1.0269562977782697e-18,-1.0292692624129055e-19
Time:,1.98,x:   ,9.619928535690494e-21,1.5707963267948966,3.1416536104832086e-17,1.4338041648332425e-16,-8.987087822976299e-18,-5.527295135063825e-16,8.978678420663e-19,-9.619928534910461e-21,0.0,0.0,0.0,-1.069746143519031e-19,-1.0269562977782697e-18,-1.0292692624129055e-19
Time:,1.99,x:   ,9.643552734898708e-21,1.5707963267948966,3.157547961413974e-17,1.4410544643145122e-16,-9.032927680080077e-18,-5.555244401272976e-16,9.018971919284465e-19,-9.643552734114736e-21,0.0,0.0,0.0,-1.069746143519031e-19,-1.0269562977782697e-18,-1.0292692624129055e-19
Time:,2.0,x:   ,9.667022576512973e-21,1.5707963267948966,3.173442311336674e-17,1.4483047637883754e-16,-9.078767569994255e-18,-5.5831936674387e-16,9.059265524128383e-19,-9.667022575724894e-21,0.0,0.0,0.0,-1.069746143519031e-19,-1.0269562977782697e-18,-1.0292692624129055e-19
Time:,2.0100000000000002,x:   ,9.690339069086706e-21,1.5707963267948966,3.189336660257894e-17,1.4555550632548813e-16,-9.124607492504452e-18,-5.611142933561284e-16,9.099559234500709e-19,-9.690339068294535e-21,0.0,0.0,0.0,-1.069746143519031e-19,-1.0269562977782697e-18,-1.0292692624129055e-19
Time:,2.02,x:   ,9.713503214583553e-21,1.5707963267948966,3.205231008184177e-17,1.4628053627140775e-16,-9.170447447397686e-18,-5.639092199641008e-16,9.139853049711932e-19,-9.713503213787487e-21,0.0,0.0,0.0,-1.069746143519031e-19,-1.0269562977782697e-18,-1.0292692624129055e-19
Time:,2.0300000000000002,x:   ,9.73651600842047e-21,1.5707963267948966,3.2211253551220234e-17,1.4700556621660114e-16,-9.216287434462376e-18,-5.667041465678154e-16,9.180146969077053e-19,-9.736516007620491e-21,0.0,0.0,0.0,-1.069746143519031e-19,-1.0269562977782697e-18,-1.0292692624129055e-19
Time:,2.04,x:   ,9.759378439510464e-21,1.5707963267948966,3.237019701077894e-17,1.4773059616107304e-16,-9.262127453488304e-18,-5.694990731672998e-16,9.220440991915535e-19,-9.759378438706515e-21,0.0,0.0,0.0,-1.069746143519031e-19,-1.0269562977782697e-18,-1.0292692624129055e-19
Time:,2.05,x:   ,9.782091490305123e-21,1.5707963267948966,3.2529140460582026e-17,1.4845562610482824e-16,-9.307967504266648e-18,-5.722939997625817e-16,9.260735117551301e-19,-9.782091489497304e-21,0.0,0.0,0.0,-1.069746143519031e-19,-1.0269562977782697e-18,-1.0292692624129055e-19
Time:,2.06,x:   ,9.804656136836802e-21,1.5707963267948966,3.2688083900693234e-17,1.4918065604787137e-16,-9.353807586589945e-18,-5.750889263536885e-16,9.301029345312685e-19,-9.80465613602518e-21,0.0,0.0,0.0,-1.069746143519031e-19,-1.0269562977782697e-18,-1.0292692624129055e-19
Time:,2.07,x:   ,9.827073348760593e-21,1.5707963267948966,3.284702733117591e-17,1.4990568599020712e-16,-9.399647700252083e-18,-5.778838529406478e-16,9.341323674532409e-19,-9.827073347945113e-21,0.0,0.0,0.0,-1.069746143519031e-19,-1.0269562977782697e-18,-1.0292692624129055e-19
Time:,2.08,x:   ,9.849344089395977e-21,1.5707963267948966,3.300597075209294e-17,1.5063071593184006e-16,-9.445487845048301e-18,-5.806787795234862e-16,9.38161810454756e-19,-9.849344088576708e-21,0.0,0.0,0.0,-1.069746143519031e-19,-1.0269562977782697e-18,-1.0292692624129055e-19
Time:,2.09,x:   ,9.871469315768222e-21,1.5707963267948966,3.316491416350683e-17,1.513557458727748e-16,-9.491328020775166e-18,-5.83473706102231e-16,9.421912634699553e-19,-9.871469314944874e-21,0.0,0.0,0.0,-1.069746143519031e-19,-1.0269562977782697e-18,-1.0292692624129055e-19
Time:,2.1,x:   ,9.893449978649521e-21,1.5707963267948966,3.332385756547969e-17,1.5208077581301605e-16,-9.537168227230585e-18,-5.862686326769088e-16,9.462207264334098e-19,-9.893449977822443e-21,0.0,0.0,0.0,-1.069746143519031e-19,-1.0269562977782697e-18,-1.0292692624129055e-19
Time:,2.11,x:   ,9.915287022599836e-21,1.5707963267948966,3.3482800958073177e-17,1.528058057525681e-16,-9.583008464213778e-18,-5.89063559247546e-16,9.502501992801196e-19,-9.915287021768788e-21,0.0,0.0,0.0,-1.069746143519031e-19,-1.0269562977782697e-18,-1.0292692624129055e-19
Time:,2.12,x:   ,9.936981386007481e-21,1.5707963267948966,3.36417443413486e-17,1.5353083569143555e-16,-9.628848731525286e-18,-5.918584858141693e-16,9.542796819455092e-19,-9.93698138517247e-21,0.0,0.0,0.0,-1.069746143519031e-19,-1.0269562977782697e-18,-1.0292692624129055e-19
Time:,2.13,x:   ,9.958534001129467e-21,1.5707963267948966,3.380068771536684e-17,1.5425586562962287e-16,-9.674689028966939e-18,-5.946534123768051e-16,9.583091743654241e-19,-9.95853400029061e-21,0.0,0.0,0.0,-1.069746143519031e-19,-1.0269562977782697e-18,-1.0292692624129055e-19
Time:,2.14,x:   ,9.97994579413155e-21,1.5707963267948966,3.3959631080188365e-17,1.5498089556713456e-16,-9.720529356341877e-18,-5.974483389354789e-16,9.623386764761295e-19,-9.979945793288707e-21,0.0,0.0,0.0,-1.069746143519031e-19,-1.0269562977782697e-18,-1.0292692624129055e-19
Time:,2.15,x:   ,1.0001217685128029e-20,1.5707963267948966,3.4118574435873294e-17,1.5570592550397497e-16,-9.766369713454518e-18,-6.00243265490217e-16,9.663681882143066e-19,-1.0001217684281526e-20,0.0,0.0,0.0,-1.069746143519031e-19,-1.0269562977782697e-18,-1.0292692624129055e-19
Time:,2.16,x:   ,1.0022350588221304e-20,1.5707963267948966,3.427751778248131e-17,1.564309554401485e-16,-9.812210100110554e-18,-6.03038192041045e-16,9.70397709517051e-19,-1.002235058737069e-20,0.0,0.0,0.0,-1.069746143519031e-19,-1.0269562977782697e-18,-1.0292692624129055e-19
Time:,2.17,x:   ,1.0043345411541129e-20,1.5707963267948966,3.443646112007169e-17,1.5715598537565956e-16,-9.858050516116962e-18,-6.058331185879885e-16,9.74427240321869e-19,-1.0043345410686455e-20,0.0,0.0,0.0,-1.069746143519031e-19,-1.0269562977782697e-18,-1.0292692624129055e-19
Time:,2.18,x:   ,1.0064203057283657e-20,1.5707963267948966,3.45954044487034e-17,1.5788101531051237e-16,-9.903890961281964e-18,-6.086280451310726e-16,9.784567805666747e-19,-1.0064203056425113e-20,0.0,0.0,0.0,-1.069746143519031e-19,-1.0269562977782697e-18,-1.0292692624129055e-19
Time:,2.19,x:   ,1.0084924421750202e-20,1.5707963267948966,3.4754347768434955e-17,1.5860604524471138e-16,-9.949731435415048e-18,-6.114229716703229e-16,9.824863301897892e-19,-1.0084924420887827e-20,0.0,0.0,0.0,-1.069746143519031e-19,-1.0269562977782697e-18,-1.0292692624129055e-19
Time:,2.2,x:   ,1.0105510395385752e-20,1.5707963267948966,3.491329107932451e-17,1.5933107517826067e-16,-9.995571938326932e-18,-6.142178982057642e-16,9.865158891299354e-19,-1.0105510394519589e-20,0.0,0.0,0.0,-1.069746143519031e-19,-1.0269562977782697e-18,-1.0292692624129055e-19
Time:,2.21,x:   ,1.012596186281724e-20,1.5707963267948966,3.507223438142983e-17,1.6005610511116464e-16,-1.004141246982958e-17,-6.170128247374214e-16,9.90545457326237e-19,-1.0125961861947205e-20,0.0,0.0,0.0,-1.069746143519031e-19,-1.0269562977782697e-18,-1.0292692624129055e-19
Time:,2.22,x:   ,1.014627970289156e-20,1.5707963267948966,3.5231177674808315e-17,1.6078113504342742e-16,-1.0087253029736183e-17,-6.198077512653191e-16,9.94575034718216e-19,-1.0146279702017702e-20,0.0,0.0,0.0,-1.069746143519031e-19,-1.0269562977782697e-18,-1.0292692624129055e-19
Time:,2.23,x:   ,1.016646478871333e-20,1.5707963267948966,3.5390120959516994e-17,1.6150616497505325e-16,-1.0133093617861159e-17,-6.226026777894822e-16,9.98604621245788e-19,-1.0166464787835529e-20,0.0,0.0,0.0,-1.069746143519031e-19,-1.0269562977782697e-18,-1.0292692624129055e-19
Time:,2.24,x:   ,1.0186517987682401e-20,1.5707963267948966,3.554906423561251e-17,1.6223119490604628e-16,-1.017893423402013e-17,-6.253976043099349e-16,1.0026342168492621e-18,-1.018651798680097e-20,0.0,0.0,0.0,-1.069746143519031e-19,-1.0269562977782697e-18,-1.0292692624129055e-19
Time:,2.25,x:   ,1.0206440161531152e-20,1.5707963267948966,3.5708007503151123e-17,1.629562248364107e-16,-1.0224774878029927e-17,-6.281925308267015e-16,1.0066638214693381e-18,-1.02064401606458e-20,0.0,0.0,0.0,-1.069746143519031e-19,-1.0269562977782697e-18,-1.0292692624129055e-19
Time:,2.2600000000000002,x:   ,1.0226232166361498e-20,1.5707963267948966,3.586695076218878e-17,1.6368125476615052e-16,-1.0270615549708575e-17,-6.309874573398062e-16,1.0106934350471027e-18,-1.0226232165472079e-20,0.0,0.0,0.0,-1.069746143519031e-19,-1.0269562977782697e-18,-1.0292692624129055e-19
Time:,2.27,x:   ,1.0245894852681703e-20,1.5707963267948966,3.6025894012780984e-17,1.644062846952698e-16,-1.0316456248875288e-17,-6.337823838492726e-16,1.0147230575240273e-18,-1.0245894851788381e-20,0.0,0.0,0.0,-1.069746143519031e-19,-1.0269562977782697e-18,-1.0292692624129055e-19
Time:,2.2800000000000002,x:   ,1.02654290654429e-20,1.5707963267948966,3.618483725498293e-17,1.6513131462377268e-16,-1.0362296975350458e-17,-6.365773103551246e-16,1.0187526888419658e-18,-1.0265429064545727e-20,0.0,0.0,0.0,-1.069746143519031e-19,-1.0269562977782697e-18,-1.0292692624129055e-19
Time:,2.29,x:   ,1.0284835644075433e-20,1.5707963267948966,3.634378048884946e-17,1.6585634455166327e-16,-1.0408137728955657e-17,-6.393722368573861e-16,1.0227823289431526e-18,-1.0284835643174418e-20,0.0,0.0,0.0,-1.069746143519031e-19,-1.0269562977782697e-18,-1.0292692624129055e-19
Time:,2.3000000000000003,x:   ,1.0304115422524898e-20,1.5707963267948966,3.6502723714435024e-17,1.6658137447894538e-16,-1.0453978509513624e-17,-6.421671633560806e-16,1.0268119777701981e-18,-1.0304115421619956e-20,0.0,0.0,0.0,-1.069746143519031e-19,-1.0269562977782697e-18,-1.0292692624129055e-19
Time:,2.31,x:   ,1.0323269229288e-20,1.5707963267948966,3.6661666931793704e-17,1.67306404405623e-16,-1.0499819316848254e-17,-6.449620898512308e-16,1.0308416352660891e-18,-1.0323269228378891e-20,0.0,0.0,0.0,-1.069746143519031e-19,-1.0269562977782697e-18,-1.0292692624129055e-19
Time:,2.32,x:   ,1.0342297887448147e-20,1.5707963267948966,3.682061014097929e-17,1.680314343317002e-16,-1.0545660150784593e-17,-6.477570163428601e-16,1.0348713013741847e-18,-1.0342297886535028e-20,0.0,0.0,0.0,-1.069746143519031e-19,-1.0269562977782697e-18,-1.0292692624129055e-19
Time:,2.33,x:   ,1.0361202214710821e-20,1.5707963267948966,3.697955334204517e-17,1.6875646425718084e-16,-1.0591501011148822e-17,-6.505519428309919e-16,1.0389009760382133e-18,-1.0361202213793968e-20,0.0,0.0,0.0,-1.069746143519031e-19,-1.0269562977782697e-18,-1.0292692624129055e-19
Time:,2.34,x:   ,1.0379983023438724e-20,1.5707963267948966,3.7138496535044396e-17,1.6948149418206888e-16,-1.0637341897768268e-17,-6.533468693156487e-16,1.0429306592022722e-18,-1.0379983022517804e-20,0.0,0.0,0.0,-1.069746143519031e-19,-1.0269562977782697e-18,-1.0292692624129055e-19
Time:,2.35,x:   ,1.0398641120686676e-20,1.5707963267948966,3.729743972002966e-17,1.702065241063681e-16,-1.0683182810471381e-17,-6.561417957968532e-16,1.0469603508108231e-18,-1.0398641119761759e-20,0.0,0.0,0.0,-1.069746143519031e-19,-1.0269562977782697e-18,-1.0292692624129055e-19
Time:,2.36,x:   ,1.0417177308236297e-20,1.5707963267948966,3.7456382897053336e-17,1.7093155403008247e-16,-1.072902374908774e-17,-6.589367222746281e-16,1.0509900508086904e-18,-1.041717730730726e-20,0.0,0.0,0.0,-1.069746143519031e-19,-1.0269562977782697e-18,-1.0292692624129055e-19
Time:,2.37,x:   ,1.0435592382630476e-20,1.5707963267948966,3.7615326066167465e-17,1.7165658395321563e-16,-1.0774864713448022e-17,-6.617316487489958e-16,1.055019759141059e-18,-1.043559238169727e-20,0.0,0.0,0.0,-1.069746143519031e-19,-1.0269562977782697e-18,-1.0292692624129055e-19
Time:,2.38,x:   ,1.0453887135207573e-20,1.5707963267948966,3.7774269227423714e-17,1.723816138757715e-16,-1.0820705703384022e-17,-6.645265752199783e-16,1.0590494757534728e-18,-1.045388713427045e-20,0.0,0.0,0.0,-1.069746143519031e-19,-1.0269562977782697e-18,-1.0292692624129055e-19
Time:,2.39,x:   ,1.0472062352135453e-20,1.5707963267948966,3.793321238087341e-17,1.731066437977539e-16,-1.0866546718728635e-17,-6.673215016875981e-16,1.0630792005918306e-18,-1.0472062351194528e-20,0.0,0.0,0.0,-1.069746143519031e-19,-1.0269562977782697e-18,-1.0292692624129055e-19
Time:,2.4,x:   ,1.0490118814445258e-20,1.5707963267948966,3.8092155526567563e-17,1.738316737191664e-16,-1.0912387759315842e-17,-6.701164281518769e-16,1.0671089336023864e-18,-1.0490118813500206e-20,0.0,0.0,0.0,-1.069746143519031e-19,-1.0269562977782697e-18,-1.0292692624129055e-19
Time:,2.41,x:   ,1.0508057298064962e-20,1.5707963267948966,3.825109866455685e-17,1.7455670364001282e-16,-1.0958228824980713e-17,-6.729113546128365e-16,1.0711386747317427e-18,-1.0508057297115804e-20,0.0,0.0,0.0,-1.069746143519031e-19,-1.0269562977782697e-18,-1.0292692624129055e-19
Time:,2.42,x:   ,1.052587857385273e-20,1.5707963267948966,3.841004179489163e-17,1.752817335602969e-16,-1.1004069915559388e-17,-6.757062810704989e-16,1.0751684239268523e-18,-1.0525878572899736e-20,0.0,0.0,0.0,-1.069746143519031e-19,-1.0269562977782697e-18,-1.0292692624129055e-19
Time:,2.43,x:   ,1.0543583407630027e-20,1.5707963267948966,3.85689849176219e-17,1.7600676348002226e-16,-1.104991103088909e-17,-6.785012075248854e-16,1.0791981811350151e-18,-1.0543583406672942e-20,0.0,0.0,0.0,-1.069746143519031e-19,-1.0269562977782697e-18,-1.0292692624129055e-19
Time:,2.44,x:   ,1.0561172560214537e-20,1.5707963267948966,3.872792803279735e-17,1.767317933991926e-16,-1.1095752170808095e-17,-6.812961339760174e-16,1.0832279463038748e-18,-1.056117255925327e-20,0.0,0.0,0.0,-1.069746143519031e-19,-1.0269562977782697e-18,-1.0292692624129055e-19
Time:,2.45,x:   ,1.0578646787452863e-20,1.5707963267948966,3.8886871140467346e-17,1.7745682331781152e-16,-1.1141593335155737e-17,-6.840910604239163e-16,1.0872577193814175e-18,-1.0578646786487764e-20,0.0,0.0,0.0,-1.069746143519031e-19,-1.0269562977782697e-18,-1.0292692624129055e-19
Time:,2.46,x:   ,1.0596006840252989e-20,1.5707963267948966,3.9045814240680915e-17,1.7818185323588264e-16,-1.1187434523772408e-17,-6.868859868686032e-16,1.0912875003159672e-18,-1.0596006839283986e-20,0.0,0.0,0.0,-1.069746143519031e-19,-1.0269562977782697e-18,-1.0292692624129055e-19
Time:,2.47,x:   ,1.0613253464616567e-20,1.5707963267948966,3.9204757333486767e-17,1.7890688315340947e-16,-1.1233275736499537e-17,-6.896809133100988e-16,1.095317289056189e-18,-1.0613253463643667e-20,0.0,0.0,0.0,-1.069746143519031e-19,-1.0269562977782697e-18,-1.0292692624129055e-19
Time:,2.48,x:   ,1.0630387401670957e-20,1.5707963267948966,3.936370041893334e-17,1.7963191307039564e-16,-1.1279116973179584e-17,-6.924758397484242e-16,1.099347085551081e-18,-1.063038740069423e-20,0.0,0.0,0.0,-1.069746143519031e-19,-1.0269562977782697e-18,-1.0292692624129055e-19
Time:,2.49,x:   ,1.0647409387701103e-20,1.5707963267948966,3.952264349706872e-17,1.8035694298684466e-16,-1.1324958233656052e-17,-6.952707661836005e-16,1.1033768897499746e-18,-1.0647409386720573e-20,0.0,0.0,0.0,-1.069746143519031e-19,-1.0269562977782697e-18,-1.0292692624129055e-19
Time:,2.5,x:   ,1.0664320154181133e-20,1.5707963267948966,3.9681586567940647e-17,1.8108197290276003e-16,-1.137079951777345e-17,-6.980656926156476e-16,1.1074067016025337e-18,-1.0664320153196841e-20,0.0,0.0,0.0,-1.069746143519031e-19,-1.0269562977782697e-18,-1.0292692624129055e-19
Time:,2.5100000000000002,x:   ,1.0681120427805828e-20,1.5707963267948966,3.9840529631596596e-17,1.8180700281814527e-16,-1.141664082537731e-17,-7.008606190445863e-16,1.11143652105875e-18,-1.068112042681755e-20,0.0,0.0,0.0,-1.069746143519031e-19,-1.0269562977782697e-18,-1.0292692624129055e-19
Time:,2.52,x:   ,1.0697810930521828e-20,1.5707963267948966,3.99994726880837e-17,1.8253203273300378e-16,-1.1462482156314183e-17,-7.036555454704368e-16,1.1154663480689422e-18,-1.0697810929529571e-20,0.0,0.0,0.0,-1.069746143519031e-19,-1.0269562977782697e-18,-1.0292692624129055e-19
Time:,2.5300000000000002,x:   ,1.071439237955867e-20,1.5707963267948966,4.0158415737448816e-17,1.832570626473391e-16,-1.1508323510431606e-17,-7.064504718932193e-16,1.1194961825837529e-18,-1.0714392378562434e-20,0.0,0.0,0.0,-1.069746143519031e-19,-1.0269562977782697e-18,-1.0292692624129055e-19
Time:,2.54,x:   ,1.0730865487459595e-20,1.5707963267948966,4.031735877973846e-17,1.839820925611546e-16,-1.1554164887578126e-17,-7.092453983129538e-16,1.1235260245541481e-18,-1.0730865486459427e-20,0.0,0.0,0.0,-1.069746143519031e-19,-1.0269562977782697e-18,-1.0292692624129055e-19
Time:,2.5500000000000003,x:   ,1.0747230962112177e-20,1.5707963267948966,4.047630181499888e-17,1.8470712247445363e-16,-1.160000628760327e-17,-7.120403247296605e-16,1.1275558739314144e-18,-1.074723096110784e-20,0.0,0.0,0.0,-1.069746143519031e-19,-1.0269562977782697e-18,-1.0292692624129055e-19
Time:,2.56,x:   ,1.0763489506778739e-20,1.5707963267948966,4.0635244843276e-17,1.8543215238723963e-16,-1.1645847710357553e-17,-7.148352511433588e-16,1.1315857306671557e-18,-1.0763489505770597e-20,0.0,0.0,0.0,-1.069746143519031e-19,-1.0269562977782697e-18,-1.0292692624129055e-19
Time:,2.57,x:   ,1.0779641820126577e-20,1.5707963267948966,4.079418786461545e-17,1.861571822995159e-16,-1.169168915569246e-17,-7.176301775540685e-16,1.1356155947132928e-18,-1.0779641819114488e-20,0.0,0.0,0.0,-1.069746143519031e-19,-1.0269562977782697e-18,-1.0292692624129055e-19
Time:,2.58,x:   ,1.0795688596257981e-20,1.5707963267948966,4.095313087906256e-17,1.8688221221128577e-16,-1.1737530623460462e-17,-7.204251039618094e-16,1.1396454660220604e-18,-1.0795688595242017e-20,0.0,0.0,0.0,-1.069746143519031e-19,-1.0269562977782697e-18,-1.0292692624129055e-19
Time:,2.59,x:   ,1.081163052474006e-20,1.5707963267948966,4.111207388666236e-17,1.876072421225526e-16,-1.1783372113514983e-17,-7.232200303666004e-16,1.143675344546006e-18,-1.0811630523720238e-20,0.0,0.0,0.0,-1.069746143519031e-19,-1.0269562977782697e-18,-1.0292692624129055e-19
Time:,2.6,x:   ,1.0827468290634386e-20,1.5707963267948966,4.127101688745959e-17,1.8833227203331966e-16,-1.1829213625710397e-17,-7.260149567684612e-16,1.1477052302379859e-18,-1.0827468289610614e-20,0.0,0.0,0.0,-1.069746143519031e-19,-1.0269562977782697e-18,-1.0292692624129055e-19
Time:,2.61,x:   ,1.0843202574526415e-20,1.5707963267948966,4.14299598814987e-17,1.8905730194359018e-16,-1.1875055159902042e-17,-7.288098831674108e-16,1.151735123051165e-18,-1.0843202573498422e-20,0.0,0.0,0.0,-1.069746143519031e-19,-1.0269562977782697e-18,-1.0292692624129055e-19
Time:,2.62,x:   ,1.0858834052554741e-20,1.5707963267948966,4.1588902868823826e-17,1.897823318533674e-16,-1.1920896715946204e-17,-7.316048095634677e-16,1.1557650229390143e-18,-1.0858834051522855e-20,0.0,0.0,0.0,-1.069746143519031e-19,-1.0269562977782697e-18,-1.0292692624129055e-19
Time:,2.63,x:   ,1.087436339644015e-20,1.5707963267948966,4.174784584947886e-17,1.9050736176265464e-16,-1.1966738293700094e-17,-7.343997359566514e-16,1.1597949298553094e-18,-1.0874363395404101e-20,0.0,0.0,0.0,-1.069746143519031e-19,-1.0269562977782697e-18,-1.0292692624129055e-19
Time:,2.64,x:   ,1.0889791273514502e-20,1.5707963267948966,4.1906788823507376e-17,1.9123239167145502e-16,-1.2012579893021865e-17,-7.371946623469806e-16,1.163824843754127e-18,-1.088979127247437e-20,0.0,0.0,0.0,-1.069746143519031e-19,-1.0269562977782697e-18,-1.0292692624129055e-19
Time:,2.65,x:   ,1.0905118346749376e-20,1.5707963267948966,4.206573179095267e-17,1.9195742157977178e-16,-1.2058421513770596e-17,-7.399895887344739e-16,1.1678547645898437e-18,-1.0905118345705292e-20,0.0,0.0,0.0,-1.069746143519031e-19,-1.0269562977782697e-18,-1.0292692624129055e-19
Time:,2.66,x:   ,1.0920345274784585e-20,1.5707963267948966,4.222467475185777e-17,1.92682451487608e-16,-1.2104263155806286e-17,-7.427845151191502e-16,1.1718846923171348e-18,-1.0920345273736455e-20,0.0,0.0,0.0,-1.069746143519031e-19,-1.0269562977782697e-18,-1.0292692624129055e-19
Time:,2.67,x:   ,1.093547271195647e-20,1.5707963267948966,4.2383617706265396e-17,1.9340748139496683e-16,-1.2150104818989846e-17,-7.455794415010274e-16,1.1759146268909716e-18,-1.0935472710904807e-20,0.0,0.0,0.0,-1.069746143519031e-19,-1.0269562977782697e-18,-1.0292692624129055e-19
Time:,2.68,x:   ,1.0950501308326021e-20,1.5707963267948966,4.2542560654218e-17,1.9413251130185148e-16,-1.2195946503183103e-17,-7.483743678801236e-16,1.17994456826662e-18,-1.0950501307270685e-20,0.0,0.0,0.0,-1.069746143519031e-19,-1.0269562977782697e-18,-1.0292692624129055e-19
Time:,2.69,x:   ,1.0965431709706802e-20,1.5707963267948966,4.270150359575778e-17,1.948575412082649e-16,-1.2241788208248782e-17,-7.511692942564574e-16,1.1839745163996374e-18,-1.0965431708647595e-20,0.0,0.0,0.0,-1.069746143519031e-19,-1.0269562977782697e-18,-1.0292692624129055e-19
Time:,2.7,x:   ,1.0980264557692726e-20,1.5707963267948966,4.286044653092659e-17,1.9558257111421026e-16,-1.22876299340505e-17,-7.539642206300469e-16,1.188004471245872e-18,-1.0980264556629677e-20,0.0,0.0,0.0,-1.069746143519031e-19,-1.0269562977782697e-18,-1.0292692624129055e-19
Time:,2.71,x:   ,1.0995000489685595e-20,1.5707963267948966,4.3019389459766074e-17,1.9630760101969057e-16,-1.2333471680452776e-17,-7.567591470009095e-16,1.1920344327614606e-18,-1.0995000488618655e-20,0.0,0.0,0.0,-1.069746143519031e-19,-1.0269562977782697e-18,-1.0292692624129055e-19
Time:,2.72,x:   ,1.100964013892252e-20,1.5707963267948966,4.317833238231762e-17,1.9703263092470893e-16,-1.2379313447321002e-17,-7.595540733690638e-16,1.1960644009028266e-18,-1.100964013785178e-20,0.0,0.0,0.0,-1.069746143519031e-19,-1.0269562977782697e-18,-1.0292692624129055e-19
Time:,2.73,x:   ,1.1024184134503105e-20,1.5707963267948966,4.3337275298622275e-17,1.9775766082926837e-16,-1.2425155234521458e-17,-7.62348999734527e-16,1.2000943756266777e-18,-1.10241841334282e-20,0.0,0.0,0.0,-1.069746143519031e-19,-1.0269562977782697e-18,-1.0292692624129055e-19
Time:,2.74,x:   ,1.1038633101416513e-20,1.5707963267948966,4.349621820872088e-17,1.9848269073337187e-16,-1.2470997041921299e-17,-7.651439260973168e-16,1.2041243568900055e-18,-1.1038633100337794e-20,0.0,0.0,0.0,-1.069746143519031e-19,-1.0269562977782697e-18,-1.0292692624129055e-19
Time:,2.75,x:   ,1.1052987660568288e-20,1.5707963267948966,4.3655161112653966e-17,1.9920772063702234e-16,-1.2516838869388547e-17,-7.679388524574507e-16,1.2081543446500808e-18,-1.1052987659485848e-20,0.0,0.0,0.0,-1.069746143519031e-19,-1.0269562977782697e-18,-1.0292692624129055e-19
Time:,2.7600000000000002,x:   ,1.106724842880706e-20,1.5707963267948966,4.381410401046183e-17,1.999327505402228e-16,-1.2562680716792077e-17,-7.707337788149458e-16,1.2121843388644555e-18,-1.1067248427720533e-20,0.0,0.0,0.0,-1.069746143519031e-19,-1.0269562977782697e-18,-1.0292692624129055e-19
Time:,2.77,x:   ,1.1081416018951052e-20,1.5707963267948966,4.3973046902184494e-17,2.0065778044297618e-16,-1.2608522584001633e-17,-7.735287051698196e-16,1.2162143394909571e-18,-1.1081416017860494e-20,0.0,0.0,0.0,-1.069746143519031e-19,-1.0269562977782697e-18,-1.0292692624129055e-19
Time:,2.7800000000000002,x:   ,1.1095491039814404e-20,1.5707963267948966,4.4131989787861714e-17,2.013828103452854e-16,-1.2654364470887805e-17,-7.763236315220891e-16,1.2202443464876907e-18,-1.1095491038719878e-20,0.0,0.0,0.0,-1.069746143519031e-19,-1.0269562977782697e-18,-1.0292692624129055e-19
Time:,2.79,x:   ,1.110947409623333e-20,1.5707963267948966,4.429093266753297e-17,2.021078402471534e-16,-1.270020637732202e-17,-7.791185578717714e-16,1.2242743598130331e-18,-1.1109474095135108e-20,0.0,0.0,0.0,-1.069746143519031e-19,-1.0269562977782697e-18,-1.0292692624129055e-19
Time:,2.8000000000000003,x:   ,1.1123365789092132e-20,1.5707963267948966,4.4449875541237545e-17,2.0283287014858302e-16,-1.2746048303176562e-17,-7.819134842188832e-16,1.2283043794256343e-18,-1.1123365787989946e-20,0.0,0.0,0.0,-1.069746143519031e-19,-1.0269562977782697e-18,-1.0292692624129055e-19
Time:,2.81,x:   ,1.1137166715349006e-20,1.5707963267948966,4.460881840901441e-17,2.0355790004957725e-16,-1.2791890248324537e-17,-7.847084105634418e-16,1.2323344052844142e-18,-1.1137166714242988e-20,0.0,0.0,0.0,-1.069746143519031e-19,-1.0269562977782697e-18,-1.0292692624129055e-19
Time:,2.82,x:   ,1.1150877468061701e-20,1.5707963267948966,4.476776127090228e-17,2.042829299501387e-16,-1.2837732212639892e-17,-7.875033369054635e-16,1.2363644373485608e-18,-1.1150877466951611e-20,0.0,0.0,0.0,-1.069746143519031e-19,-1.0269562977782697e-18,-1.0292692624129055e-19
Time:,2.83,x:   ,1.1164498636412991e-20,1.5707963267948966,4.492670412693965e-17,2.0500795985027028e-16,-1.2883574195997378e-17,-7.902982632449651e-16,1.2403944755775296e-18,-1.1164498635299033e-20,0.0,0.0,0.0,-1.069746143519031e-19,-1.0269562977782697e-18,-1.0292692624129055e-19
Time:,2.84,x:   ,1.117803080573601e-20,1.5707963267948966,4.5085646977164745e-17,2.057329897499749e-16,-1.2929416198272585e-17,-7.930931895819626e-16,1.2444245199310396e-18,-1.1178030804618135e-20,0.0,0.0,0.0,-1.069746143519031e-19,-1.0269562977782697e-18,-1.0292692624129055e-19
Time:,2.85,x:   ,1.11914745575394e-20,1.5707963267948966,4.524458982161552e-17,2.064580196492553e-16,-1.2975258219341902e-17,-7.958881159164728e-16,1.2484545703690744e-18,-1.1191474556417702e-20,0.0,0.0,0.0,-1.069746143519031e-19,-1.0269562977782697e-18,-1.0292692624129055e-19
Time:,2.86,x:   ,1.1204830469532278e-20,1.5707963267948966,4.540353266032974e-17,2.071830495481142e-16,-1.3021100259082536e-17,-7.98683042248512e-16,1.2524846268518784e-18,-1.1204830468406673e-20,0.0,0.0,0.0,-1.069746143519031e-19,-1.0269562977782697e-18,-1.0292692624129055e-19
Time:,2.87,x:   ,1.1218099115649106e-20,1.5707963267948966,4.556247549334486e-17,2.079080794465544e-16,-1.306694231737248e-17,-8.014779685780959e-16,1.2565146893399553e-18,-1.1218099114519358e-20,0.0,0.0,0.0,-1.069746143519031e-19,-1.0269562977782697e-18,-1.0292692624129055e-19
Time:,2.88,x:   ,1.1231281066074316e-20,1.5707963267948966,4.572141832069811e-17,2.0863310934457865e-16,-1.3112784394090548e-17,-8.04272894905241e-16,1.2605447577940675e-18,-1.1231281064940635e-20,0.0,0.0,0.0,-1.069746143519031e-19,-1.0269562977782697e-18,-1.0292692624129055e-19
Time:,2.89,x:   ,1.1244376887266818e-20,1.5707963267948966,4.588036114242651e-17,2.093581392421896e-16,-1.3158626489116325e-17,-8.070678212299628e-16,1.2645748321752345e-18,-1.1244376886129101e-20,0.0,0.0,0.0,-1.069746143519031e-19,-1.0269562977782697e-18,-1.0292692624129055e-19
Time:,2.9,x:   ,1.1257387141984379e-20,1.5707963267948966,4.6039303958566794e-17,2.1008316913939e-16,-1.3204468602330194e-17,-8.098627475522774e-16,1.268604912444729e-18,-1.1257387140842584e-20,0.0,0.0,0.0,-1.069746143519031e-19,-1.0269562977782697e-18,-1.0292692624129055e-19
Time:,2.91,x:   ,1.1270312389307749e-20,1.5707963267948966,4.619824676915548e-17,2.1080819903618256e-16,-1.3250310733613318e-17,-8.126576738722007e-16,1.2726349985640772e-18,-1.1270312388161922e-20,0.0,0.0,0.0,-1.069746143519031e-19,-1.0269562977782697e-18,-1.0292692624129055e-19
Time:,2.92,x:   ,1.1283153184664715e-20,1.5707963267948966,4.6357189574228847e-17,2.1153322893256984e-16,-1.3296152882847627e-17,-8.154526001897483e-16,1.2766650904950572e-18,-1.1283153183514848e-20,0.0,0.0,0.0,-1.069746143519031e-19,-1.0269562977782697e-18,-1.0292692624129055e-19
Time:,2.93,x:   ,1.1295910079853976e-20,1.5707963267948966,4.651613237382293e-17,2.122582588285546e-16,-1.3341995049915836e-17,-8.182475265049353e-16,1.2806951881996967e-18,-1.1295910078700257e-20,0.0,0.0,0.0,-1.069746143519031e-19,-1.0269562977782697e-18,-1.0292692624129055e-19
Time:,2.94,x:   ,1.130858362306885e-20,1.5707963267948966,4.667507516797353e-17,2.1298328872413942e-16,-1.338783723470142e-17,-8.210424528177773e-16,1.2847252916402707e-18,-1.1308583621911437e-20,0.0,0.0,0.0,-1.069746143519031e-19,-1.0269562977782697e-18,-1.0292692624129055e-19
Time:,2.95,x:   ,1.1321174358920817e-20,1.5707963267948966,4.6834017956716197e-17,2.1370831861932695e-16,-1.3433679437088617e-17,-8.238373791282899e-16,1.2887554007793023e-18,-1.1321174357759346e-20,0.0,0.0,0.0,-1.069746143519031e-19,-1.0269562977782697e-18,-1.0292692624129055e-19
Time:,2.96,x:   ,1.1333682828462938e-20,1.5707963267948966,4.699296074008628e-17,2.1443334851411972e-16,-1.3479521656962421e-17,-8.266323054364879e-16,1.2927855155795575e-18,-1.1333682827297322e-20,0.0,0.0,0.0,-1.069746143519031e-19,-1.0269562977782697e-18,-1.0292692624129055e-19
Time:,2.97,x:   ,1.1346109569213101e-20,1.5707963267948966,4.715190351811887e-17,2.151583784085204e-16,-1.3525363894208574e-17,-8.294272317423867e-16,1.2968156360040472e-18,-1.1346109568043648e-20,0.0,0.0,0.0,-1.069746143519031e-19,-1.0269562977782697e-18,-1.0292692624129055e-19
Time:,2.98,x:   ,1.1358455115177124e-20,1.5707963267948966,4.731084629084885e-17,2.1588340830253152e-16,-1.3571206148713564e-17,-8.322221580460012e-16,1.3008457620160226e-18,-1.1358455114003545e-20,0.0,0.0,0.0,-1.069746143519031e-19,-1.0269562977782697e-18,-1.0292692624129055e-19
Time:,2.99,x:   ,1.1370719996871687e-20,1.5707963267948966,4.746978905831089e-17,2.1660843819615554e-16,-1.361704842036463e-17,-8.350170843473465e-16,1.3048758935789767e-18,-1.137071999569406e-20,0.0,0.0,0.0,-1.069746143519031e-19,-1.0269562977782697e-18,-1.0292692624129055e-19
