Grav Comp,1.0,dT,0.005,Substep Number,1, Obs/Cont Rates,200.0,100
Control,0,Kp,"[[200.   0.   0.]
 [  0. 200.   0.]
 [  0.   0. 200.]]",Kd,"[[50.  0.  0.]
 [ 0. 50.  0.]
 [ 0.  0. 50.]]",alpha,0.001,kappa,2.0
Time,State History
Time:,0.0,x:   ,0.7853981633974483,0.0,0.0,0.0,0.0,0.0,35.40387531290953,0.0,35.40387531290953,0.10600076372695608,1.0682018545111938,0.5443386149910164,0.0,0.0,0.0,4.0,0.0,1.0610619213946215,-3.141592653589793,0.0,0.0
Time:,0.005,x:   ,0.7853981633974483,0.0,0.0,0.0,0.0,0.0,35.40387531290953,0.0,35.40387531290953,0.10740474616197286,1.0669781637871822,0.5434921251340677,0.0,0.0,0.0,4.0,0.0,1.0610619213946215,-3.141592653589793,0.0,0.0
Time:,0.01,x:   ,0.7853981633974483,0.0,0.0,0.0,0.0,0.0,35.40387531290953,0.0,35.40387531290953,0.10881487748470338,1.0657494296643284,0.5426422660971161,0.0,0.0,0.0,4.0,0.0,1.0610619213946215,-3.141592653589793,0.0,0.0
Time:,0.015,x:   ,0.7853981633974483,0.0,0.0,0.0,0.0,0.0,35.40387531290953,0.0,35.40387531290953,0.11022421878334107,1.064527095633522,0.5417960493055971,0.0,0.0,0.0,4.0,0.0,1.0610619213946215,-3.141592653589793,0.0,0.0
Time:,0.02,x:   ,0.7853981633974483,0.0,0.0,0.0,0.0,0.0,35.40387531290953,0.0,35.40387531290953,0.11163271158168801,1.0633112137865524,0.5409535106712111,0.0,0.0,0.0,4.0,0.0,1.0610619213946215,-3.141592653589793,0.0,0.0
Time:,0.025,x:   ,0.7853981633974483,0.0,0.0,0.0,0.0,0.0,35.40387531290953,0.0,35.40387531290953,0.11304029754023286,1.06210183620238,0.5401146853941113,0.0,0.0,0.0,4.0,0.0,1.0610619213946215,-3.141592653589793,0.0,0.0
Time:,0.03,x:   ,0.7853981633974483,0.0,0.0,0.0,0.0,0.0,35.40387531290953,0.0,35.40387531290953,0.1144469185184002,1.0608990144696961,0.5392796092951483,0.0,0.0,0.0,4.0,0.0,1.0610619213946215,-3.141592653589793,0.0,0.0
Time:,0.035,x:   ,0.7853981633974483,0.0,0.0,0.0,0.0,0.0,35.40387531290953,0.0,35.40387531290953,0.1158525164677085,1.0597028000767763,0.5384483180636893,0.0,0.0,0.0,4.0,0.0,1.0610619213946215,-3.141592653589793,0.0,0.0
Time:,0.04,x:   ,0.7853981633974483,0.0,0.0,0.0,0.0,0.0,35.40387531290953,0.0,35.40387531290953,0.1172570333459991,1.0585132447271441,0.5376208466476246,0.0,0.0,0.0,4.0,0.0,1.0610619213946215,-3.141592653589793,0.0,0.0
Time:,0.045,x:   ,0.7853981633974483,0.0,0.0,0.0,0.0,0.0,35.40387531290953,0.0,35.40387531290953,0.11866041121982415,1.057330399976382,0.5367972299384081,0.0,0.0,0.0,4.0,0.0,1.0610619213946215,-3.141592653589793,0.0,0.0
Time:,0.05,x:   ,0.7853981633974483,0.0,0.0,0.0,0.0,0.0,35.40387531290953,0.0,35.40387531290953,0.12006259232190349,1.0561543170296666,0.535977503149018,0.0,0.0,0.0,4.0,0.0,1.0610619213946215,-3.141592653589793,0.0,0.0
Time:,0.055,x:   ,0.7853981633974483,0.0,0.0,0.0,0.0,0.0,35.40387531290953,0.0,35.40387531290953,0.12146351897612165,1.054985047018598,0.5351617012771788,0.0,0.0,0.0,4.0,0.0,1.0610619213946215,-3.141592653589793,0.0,0.0
Time:,0.06,x:   ,0.7853981633974483,0.0,0.0,0.0,0.0,0.0,35.40387531290953,0.0,35.40387531290953,0.12286313360441165,1.0538226409820164,0.5343498591338963,0.0,0.0,0.0,4.0,0.0,1.0610619213946215,-3.141592653589793,0.0,0.0
Time:,0.065,x:   ,0.7853981633974483,0.0,0.0,0.0,0.0,0.0,35.40387531290953,0.0,35.40387531290953,0.1242613787719573,1.0526671497078304,0.5335420116365669,0.0,0.0,0.0,4.0,0.0,1.0610619213946215,-3.141592653589793,0.0,0.0
Time:,0.07,x:   ,0.7853981633974483,0.0,0.0,0.0,0.0,0.0,35.40387531290953,0.0,35.40387531290953,0.12565819708831602,1.0515186240981333,0.5327381931038208,0.0,0.0,0.0,4.0,0.0,1.0610619213946215,-3.141592653589793,0.0,0.0
Time:,0.075,x:   ,0.7853981633974483,0.0,0.0,0.0,0.0,0.0,35.40387531290953,0.0,35.40387531290953,0.1270535312462581,1.0503771150346288,0.53193843750364,0.0,0.0,0.0,4.0,0.0,1.0610619213946215,-3.141592653589793,0.0,0.0
Time:,0.08,x:   ,0.7853981633974483,0.0,0.0,0.0,0.0,0.0,35.40387531290953,0.0,35.40387531290953,0.12844732417632146,1.0492426728219417,0.5311427795064408,0.0,0.0,0.0,4.0,0.0,1.0610619213946215,-3.141592653589793,0.0,0.0
Time:,0.085,x:   ,0.7853981633974483,0.0,0.0,0.0,0.0,0.0,35.40387531290953,0.0,35.40387531290953,0.1298395188784638,1.0481153478059084,0.5303512532962773,0.0,0.0,0.0,4.0,0.0,1.0610619213946215,-3.141592653589793,0.0,0.0
Time:,0.09,x:   ,0.7853981633974483,0.0,0.0,0.0,0.0,0.0,35.40387531290953,0.0,35.40387531290953,0.1312300585148029,1.0469951900414256,0.5295638931957778,0.0,0.0,0.0,4.0,0.0,1.0610619213946215,-3.141592653589793,0.0,0.0
Time:,0.095,x:   ,0.7853981633974483,0.0,0.0,0.0,0.0,0.0,35.40387531290953,0.0,35.40387531290953,0.13261888623281726,1.0458822499444589,0.5287807324132074,0.0,0.0,0.0,4.0,0.0,1.0610619213946215,-3.141592653589793,0.0,0.0
Time:,0.1,x:   ,0.7853981633974483,0.0,0.0,0.0,0.0,0.0,35.40387531290953,0.0,35.40387531290953,0.1340059454567143,1.0447765772337774,0.5280018050520302,0.0,0.0,0.0,4.0,0.0,1.0610619213946215,-3.141592653589793,0.0,0.0
Time:,0.105,x:   ,0.7853981633974483,0.0,0.0,0.0,0.0,0.0,35.40387531290953,0.0,35.40387531290953,0.13539117968272443,1.0436782216849756,0.5272271446627678,0.0,0.0,0.0,4.0,0.0,1.0610619213946215,-3.141592653589793,0.0,0.0
Time:,0.11,x:   ,0.7853981633974483,0.0,0.0,0.0,0.0,0.0,35.40387531290953,0.0,35.40387531290953,0.1367745326073979,1.042587232666777,0.5264567851182879,0.0,0.0,0.0,4.0,0.0,1.0610619213946215,-3.141592653589793,0.0,0.0
Time:,0.115,x:   ,0.7853981633974483,0.0,0.0,0.0,0.0,0.0,35.40387531290953,0.0,35.40387531290953,0.13815594790380126,1.041503659967673,0.5256907590275632,0.0,0.0,0.0,4.0,0.0,1.0610619213946215,-3.141592653589793,0.0,0.0
Time:,0.12,x:   ,0.7853981633974483,0.0,0.0,0.0,0.0,0.0,35.40387531290953,0.0,35.40387531290953,0.1395353695713641,1.0404275525190396,0.5249291001617312,0.0,0.0,0.0,4.0,0.0,1.0610619213946215,-3.141592653589793,0.0,0.0
Time:,0.125,x:   ,0.7853981633974483,0.0,0.0,0.0,0.0,0.0,35.40387531290953,0.0,35.40387531290953,0.14091274158110897,1.039358959703631,0.5241718409480148,0.0,0.0,0.0,4.0,0.0,1.0610619213946215,-3.141592653589793,0.0,0.0
Time:,0.13,x:   ,0.7853981633974483,0.0,0.0,0.0,0.0,0.0,35.40387531290953,0.0,35.40387531290953,0.14228800822045123,1.0382979300946886,0.5234190148651887,0.0,0.0,0.0,4.0,0.0,1.0610619213946215,-3.141592653589793,0.0,0.0
Time:,0.135,x:   ,0.7853981633974483,0.0,0.0,0.0,0.0,0.0,35.40387531290953,0.0,35.40387531290953,0.14366111375607202,1.0372445127020418,0.5226706540569478,0.0,0.0,0.0,4.0,0.0,1.0610619213946215,-3.141592653589793,0.0,0.0
Time:,0.14,x:   ,0.7853981633974483,0.0,0.0,0.0,0.0,0.0,35.40387531290953,0.0,35.40387531290953,0.1450320027666565,1.0361987557536307,0.5219267916455858,0.0,0.0,0.0,4.0,0.0,1.0610619213946215,-3.141592653589793,0.0,0.0
Time:,0.145,x:   ,0.7853981633974483,0.0,0.0,0.0,0.0,0.0,35.40387531290953,0.0,35.40387531290953,0.14640061986785627,1.0351607077147609,0.5211874597781806,0.0,0.0,0.0,4.0,0.0,1.0610619213946215,-3.141592653589793,0.0,0.0
Time:,0.15,x:   ,0.7853981633974483,0.0,0.0,0.0,0.0,0.0,35.40387531290953,0.0,35.40387531290953,0.1477669098588538,1.0341304167544862,0.5204526906340715,0.0,0.0,0.0,4.0,0.0,1.0610619213946215,-3.141592653589793,0.0,0.0
Time:,0.155,x:   ,0.7853981633974483,0.0,0.0,0.0,0.0,0.0,35.40387531290953,0.0,35.40387531290953,0.1491308177175851,1.033107930769454,0.5197225163690148,0.0,0.0,0.0,4.0,0.0,1.0610619213946215,-3.141592653589793,0.0,0.0
Time:,0.16,x:   ,0.7853981633974483,0.0,0.0,0.0,0.0,0.0,35.40387531290953,0.0,35.40387531290953,0.15049228856863892,1.032093297508663,0.5189969688667851,0.0,0.0,0.0,4.0,0.0,1.0610619213946215,-3.141592653589793,0.0,0.0
Time:,0.165,x:   ,0.7853981633974483,0.0,0.0,0.0,0.0,0.0,35.40387531290953,0.0,35.40387531290953,0.15185126771203622,1.0310865644735288,0.5182760799194699,0.0,0.0,0.0,4.0,0.0,1.0610619213946215,-3.141592653589793,0.0,0.0
Time:,0.17,x:   ,0.7853981633974483,0.0,0.0,0.0,0.0,0.0,35.40387531290953,0.0,35.40387531290953,0.1532077006022755,1.0300877790017808,0.5175598810567971,0.0,0.0,0.0,4.0,0.0,1.0610619213946215,-3.141592653589793,0.0,0.0
Time:,0.17500000000000002,x:   ,0.7853981633974483,0.0,0.0,0.0,0.0,0.0,35.40387531290953,0.0,35.40387531290953,0.15456153286757124,1.029096988202798,0.5168484036589636,0.0,0.0,0.0,4.0,0.0,1.0610619213946215,-3.141592653589793,0.0,0.0
Time:,0.18,x:   ,0.7853981633974483,0.0,0.0,0.0,0.0,0.0,35.40387531290953,0.0,35.40387531290953,0.15591271032368886,1.028114238912597,0.5161416790316271,0.0,0.0,0.0,4.0,0.0,1.0610619213946215,-3.141592653589793,0.0,0.0
Time:,0.185,x:   ,0.7853981633974483,0.0,0.0,0.0,0.0,0.0,35.40387531290953,0.0,35.40387531290953,0.15726117894408317,1.0271395778111054,0.5154397381715672,0.0,0.0,0.0,4.0,0.0,1.0610619213946215,-3.141592653589793,0.0,0.0
Time:,0.19,x:   ,0.7853981633974483,0.0,0.0,0.0,0.0,0.0,35.40387531290953,0.0,35.40387531290953,0.15860688490130884,1.0261730512748957,0.514742612036668,0.0,0.0,0.0,4.0,0.0,1.0610619213946215,-3.141592653589793,0.0,0.0
Time:,0.195,x:   ,0.7853981633974483,0.0,0.0,0.0,0.0,0.0,35.40387531290953,0.0,35.40387531290953,0.15994977452965017,1.0252147055226237,0.5140503312576757,0.0,0.0,0.0,4.0,0.0,1.0610619213946215,-3.141592653589793,0.0,0.0
Time:,0.2,x:   ,0.7853981633974483,0.0,0.0,0.0,0.0,0.0,35.40387531290953,0.0,35.40387531290953,0.16128979436059848,1.0242645864895352,0.5133629263665028,0.0,0.0,0.0,4.0,0.0,1.0610619213946215,-3.141592653589793,0.0,0.0
Time:,0.20500000000000002,x:   ,0.7853981633974483,0.0,0.0,0.0,0.0,0.0,35.40387531290953,0.0,35.40387531290953,0.16262689111018327,1.023322739881238,0.5126804276826382,0.0,0.0,0.0,4.0,0.0,1.0610619213946215,-3.141592653589793,0.0,0.0
Time:,0.21,x:   ,0.7853981633974483,0.0,0.0,0.0,0.0,0.0,35.40387531290953,0.0,35.40387531290953,0.16396101168337512,1.0223892111638302,0.5120028653208787,0.0,0.0,0.0,4.0,0.0,1.0610619213946215,-3.141592653589793,0.0,0.0
Time:,0.215,x:   ,0.7853981633974483,0.0,0.0,0.0,0.0,0.0,35.40387531290953,0.0,35.40387531290953,0.16529210319175572,1.0214640455045318,0.5113302692933249,0.0,0.0,0.0,4.0,0.0,1.0610619213946215,-3.141592653589793,0.0,0.0
Time:,0.22,x:   ,0.7853981633974483,0.0,0.0,0.0,0.0,0.0,35.40387531290953,0.0,35.40387531290953,0.16662011292025838,1.0205472879024726,0.51066266924885,0.0,0.0,0.0,4.0,0.0,1.0610619213946215,-3.141592653589793,0.0,0.0
Time:,0.225,x:   ,0.7853981633974483,0.0,0.0,0.0,0.0,0.0,35.40387531290953,0.0,35.40387531290953,0.16794498838051405,1.0196389829960038,0.5100000948291237,0.0,0.0,0.0,4.0,0.0,1.0610619213946215,-3.141592653589793,0.0,0.0
Time:,0.23,x:   ,0.7853981633974483,0.0,0.0,0.0,0.0,0.0,35.40387531290953,0.0,35.40387531290953,0.1692666772688199,1.0187391752264072,0.5093425753452037,0.0,0.0,0.0,4.0,0.0,1.0610619213946215,-3.141592653589793,0.0,0.0
Time:,0.23500000000000001,x:   ,0.7853981633974483,0.0,0.0,0.0,0.0,0.0,35.40387531290953,0.0,35.40387531290953,0.1705851274947404,1.0178479087375651,0.5086901399574328,0.0,0.0,0.0,4.0,0.0,1.0610619213946215,-3.141592653589793,0.0,0.0
Time:,0.24,x:   ,0.7853981633974483,0.0,0.0,0.0,0.0,0.0,35.40387531290953,0.0,35.40387531290953,0.1719002871789682,1.0169652273905465,0.5080428176361759,0.0,0.0,0.0,4.0,0.0,1.0610619213946215,-3.141592653589793,0.0,0.0
Time:,0.245,x:   ,0.7853981633974483,0.0,0.0,0.0,0.0,0.0,35.40387531290953,0.0,35.40387531290953,0.17321210464243222,1.0160911748111128,0.5074006370598158,0.0,0.0,0.0,4.0,0.0,1.0610619213946215,-3.141592653589793,0.0,0.0
Time:,0.25,x:   ,0.7853981633974483,0.0,0.0,0.0,0.0,0.0,35.40387531290953,0.0,35.40387531290953,0.17452052843581334,1.0152257942857146,0.5067636268014981,0.0,0.0,0.0,4.0,0.0,1.0610619213946215,-3.141592653589793,0.0,0.0
Time:,0.255,x:   ,0.7853981633974483,0.0,0.0,0.0,0.0,0.0,35.40387531290953,0.0,35.40387531290953,0.17582550732856492,1.0143691288091794,0.5061318152266139,0.0,0.0,0.0,4.0,0.0,1.0610619213946215,-3.141592653589793,0.0,0.0
Time:,0.26,x:   ,0.7853981633974483,0.0,0.0,0.0,0.0,0.0,35.40387531290953,0.0,35.40387531290953,0.17712699029003662,1.0135212211624232,0.5055052303331901,0.0,0.0,0.0,4.0,0.0,1.0610619213946215,-3.141592653589793,0.0,0.0
Time:,0.265,x:   ,0.7853981633974483,0.0,0.0,0.0,0.0,0.0,35.40387531290953,0.0,35.40387531290953,0.17842492654662237,1.0126821137042483,0.5048839001370483,0.0,0.0,0.0,4.0,0.0,1.0610619213946215,-3.141592653589793,0.0,0.0
Time:,0.27,x:   ,0.7853981633974483,0.0,0.0,0.0,0.0,0.0,35.40387531290953,0.0,35.40387531290953,0.17971926552441392,1.0118518485936456,0.5042678522364594,0.0,0.0,0.0,4.0,0.0,1.0610619213946215,-3.141592653589793,0.0,0.0
Time:,0.275,x:   ,0.7853981633974483,0.0,0.0,0.0,0.0,0.0,35.40387531290953,0.0,35.40387531290953,0.18100995689540325,1.0110304676226212,0.5036571141191294,0.0,0.0,0.0,4.0,0.0,1.0610619213946215,-3.141592653589793,0.0,0.0
Time:,0.28,x:   ,0.7853981633974483,0.0,0.0,0.0,0.0,0.0,35.40387531290953,0.0,35.40387531290953,0.18229695055810777,1.0102180122957847,0.5030517129988011,0.0,0.0,0.0,4.0,0.0,1.0610619213946215,-3.141592653589793,0.0,0.0
Time:,0.28500000000000003,x:   ,0.7853981633974483,0.0,0.0,0.0,0.0,0.0,35.40387531290953,0.0,35.40387531290953,0.1835801966439638,1.0094145238129315,0.5024516758367419,0.0,0.0,0.0,4.0,0.0,1.0610619213946215,-3.141592653589793,0.0,0.0
Time:,0.29,x:   ,0.7853981633974483,0.0,0.0,0.0,0.0,0.0,35.40387531290953,0.0,35.40387531290953,0.18485964553239018,1.0086200430188612,0.5018570294256622,0.0,0.0,0.0,4.0,0.0,1.0610619213946215,-3.141592653589793,0.0,0.0
Time:,0.295,x:   ,0.7853981633974483,0.0,0.0,0.0,0.0,0.0,35.40387531290953,0.0,35.40387531290953,0.18613524784489752,1.0078346104321807,0.5012678003230787,0.0,0.0,0.0,4.0,0.0,1.0610619213946215,-3.141592653589793,0.0,0.0
Time:,0.3,x:   ,0.7853981633974483,0.0,0.0,0.0,0.0,0.0,35.40387531290953,0.0,35.40387531290953,0.187406954440877,1.0070582662678735,0.5006840147965664,0.0,0.0,0.0,4.0,0.0,1.0610619213946215,-3.141592653589793,0.0,0.0
Time:,0.305,x:   ,0.7853981633974483,0.0,0.0,0.0,0.0,0.0,35.40387531290953,0.0,35.40387531290953,0.18867471643604616,1.0062910503741835,0.5001056989322941,0.0,0.0,0.0,4.0,0.0,1.0610619213946215,-3.141592653589793,0.0,0.0
Time:,0.31,x:   ,0.7853981633974483,0.0,0.0,0.0,0.0,0.0,35.40387531290953,0.0,35.40387531290953,0.18993848519739062,1.0055330022583144,0.49953287857429085,0.0,0.0,0.0,4.0,0.0,1.0610619213946215,-3.141592653589793,0.0,0.0
Time:,0.315,x:   ,0.7853981633974483,0.0,0.0,0.0,0.0,0.0,35.40387531290953,0.0,35.40387531290953,0.19119821234567821,1.0047841610834736,0.49896557931834895,0.0,0.0,0.0,4.0,0.0,1.0610619213946215,-3.141592653589793,0.0,0.0
Time:,0.32,x:   ,0.7853981633974483,0.0,0.0,0.0,0.0,0.0,35.40387531290953,0.0,35.40387531290953,0.19245384974901286,1.0040445656999453,0.4984038264410411,0.0,0.0,0.0,4.0,0.0,1.0610619213946215,-3.141592653589793,0.0,0.0
Time:,0.325,x:   ,0.7853981633974483,0.0,0.0,0.0,0.0,0.0,35.40387531290953,0.0,35.40387531290953,0.19370534954885485,1.0033142545529685,0.49784764506357904,0.0,0.0,0.0,4.0,0.0,1.0610619213946215,-3.141592653589793,0.0,0.0
Time:,0.33,x:   ,0.7853981633974483,0.0,0.0,0.0,0.0,0.0,35.40387531290953,0.0,35.40387531290953,0.19495266414932969,1.0025932657297503,0.4972970600504756,0.0,0.0,0.0,4.0,0.0,1.0610619213946215,-3.141592653589793,0.0,0.0
Time:,0.335,x:   ,0.7853981633974483,0.0,0.0,0.0,0.0,0.0,35.40387531290953,0.0,35.40387531290953,0.19619574621882518,1.0018816369599162,0.4967520959970005,0.0,0.0,0.0,4.0,0.0,1.0610619213946215,-3.141592653589793,0.0,0.0
Time:,0.34,x:   ,0.7853981633974483,0.0,0.0,0.0,0.0,0.0,35.40387531290953,0.0,35.40387531290953,0.19743454869218963,1.0011794056136694,0.4962127772209993,0.0,0.0,0.0,4.0,0.0,1.0610619213946215,-3.141592653589793,0.0,0.0
Time:,0.34500000000000003,x:   ,0.7853981633974483,0.0,0.0,0.0,0.0,0.0,35.40387531290953,0.0,35.40387531290953,0.19866902478221368,1.0004866086645754,0.49567912782218543,0.0,0.0,0.0,4.0,0.0,1.0610619213946215,-3.141592653589793,0.0,0.0
Time:,0.35000000000000003,x:   ,0.7853981633974483,0.0,0.0,0.0,0.0,0.0,35.40387531290953,0.0,35.40387531290953,0.1998991279728981,0.9998032827216005,0.49515117160941385,0.0,0.0,0.0,4.0,0.0,1.0610619213946215,-3.141592653589793,0.0,0.0
Time:,0.355,x:   ,0.7853981633974483,0.0,0.0,0.0,0.0,0.0,35.40387531290953,0.0,35.40387531290953,0.20112481203358995,0.9991294639816402,0.494628932179614,0.0,0.0,0.0,4.0,0.0,1.0610619213946215,-3.141592653589793,0.0,0.0
Time:,0.36,x:   ,0.7853981633974483,0.0,0.0,0.0,0.0,0.0,35.40387531290953,0.0,35.40387531290953,0.20234603100534398,0.99846518828787,0.49411243279497763,0.0,0.0,0.0,4.0,0.0,1.0610619213946215,-3.141592653589793,0.0,0.0
Time:,0.365,x:   ,0.7853981633974483,0.0,0.0,0.0,0.0,0.0,35.40387531290953,0.0,35.40387531290953,0.20356273921125384,0.9978104910967304,0.4936016964343875,0.0,0.0,0.0,4.0,0.0,1.0610619213946215,-3.141592653589793,0.0,0.0
Time:,0.37,x:   ,0.7853981633974483,0.0,0.0,0.0,0.0,0.0,35.40387531290953,0.0,35.40387531290953,0.20477489127928242,0.9971654073970687,0.49309674593606223,0.0,0.0,0.0,4.0,0.0,1.0610619213946215,-3.141592653589793,0.0,0.0
Time:,0.375,x:   ,0.7853981633974483,0.0,0.0,0.0,0.0,0.0,35.40387531290953,0.0,35.40387531290953,0.20598244211554811,0.9965299718182713,0.49259760378002126,0.0,0.0,0.0,4.0,0.0,1.0610619213946215,-3.141592653589793,0.0,0.0
Time:,0.38,x:   ,0.7853981633974483,0.0,0.0,0.0,0.0,0.0,35.40387531290953,0.0,35.40387531290953,0.20718534691385695,0.9959042186001564,0.49210429213410595,0.0,0.0,0.0,4.0,0.0,1.0610619213946215,-3.141592653589793,0.0,0.0
Time:,0.385,x:   ,0.7853981633974483,0.0,0.0,0.0,0.0,0.0,35.40387531290953,0.0,35.40387531290953,0.20838356117503423,0.9952881815252402,0.4916168329717732,0.0,0.0,0.0,4.0,0.0,1.0610619213946215,-3.141592653589793,0.0,0.0
Time:,0.39,x:   ,0.7853981633974483,0.0,0.0,0.0,0.0,0.0,35.40387531290953,0.0,35.40387531290953,0.2095770406967447,0.994681893963701,0.49113524797513286,0.0,0.0,0.0,4.0,0.0,1.0610619213946215,-3.141592653589793,0.0,0.0
Time:,0.395,x:   ,0.7853981633974483,0.0,0.0,0.0,0.0,0.0,35.40387531290953,0.0,35.40387531290953,0.21076574157272177,0.9940853888824118,0.4906595585065383,0.0,0.0,0.0,4.0,0.0,1.0610619213946215,-3.141592653589793,0.0,0.0
Time:,0.4,x:   ,0.7853981633974483,0.0,0.0,0.0,0.0,0.0,35.40387531290953,0.0,35.40387531290953,0.21194962019911434,0.9934986988266981,0.49018978563224364,0.0,0.0,0.0,4.0,0.0,1.0610619213946215,-3.141592653589793,0.0,0.0
Time:,0.405,x:   ,0.7853981633974483,0.0,0.0,0.0,0.0,0.0,35.40387531290953,0.0,35.40387531290953,0.2131286332905435,0.9929218558647336,0.489725950217349,0.0,0.0,0.0,4.0,0.0,1.0610619213946215,-3.141592653589793,0.0,0.0
Time:,0.41000000000000003,x:   ,0.7853981633974483,0.0,0.0,0.0,0.0,0.0,35.40387531290953,0.0,35.40387531290953,0.21430273785888196,0.9923548916747521,0.4892680727485786,0.0,0.0,0.0,4.0,0.0,1.0610619213946215,-3.141592653589793,0.0,0.0
Time:,0.41500000000000004,x:   ,0.7853981633974483,0.0,0.0,0.0,0.0,0.0,35.40387531290953,0.0,35.40387531290953,0.21547189123004573,0.9917978374865573,0.48881617343489797,0.0,0.0,0.0,4.0,0.0,1.0610619213946215,-3.141592653589793,0.0,0.0
Time:,0.42,x:   ,0.7853981633974483,0.0,0.0,0.0,0.0,0.0,35.40387531290953,0.0,35.40387531290953,0.21663605105845346,0.9912507240317369,0.48837027229161606,0.0,0.0,0.0,4.0,0.0,1.0610619213946215,-3.141592653589793,0.0,0.0
Time:,0.425,x:   ,0.7853981633974483,0.0,0.0,0.0,0.0,0.0,35.40387531290953,0.0,35.40387531290953,0.21779517529968304,0.9907135816543465,0.48793038891866747,0.0,0.0,0.0,4.0,0.0,1.0610619213946215,-3.141592653589793,0.0,0.0
Time:,0.43,x:   ,0.7853981633974483,0.0,0.0,0.0,0.0,0.0,35.40387531290953,0.0,35.40387531290953,0.2189492222353439,0.9901864402210856,0.48749654266121945,0.0,0.0,0.0,4.0,0.0,1.0610619213946215,-3.141592653589793,0.0,0.0
Time:,0.435,x:   ,0.7853981633974483,0.0,0.0,0.0,0.0,0.0,35.40387531290953,0.0,35.40387531290953,0.2200981504763495,0.9896693291142236,0.4870687526126588,0.0,0.0,0.0,4.0,0.0,1.0610619213946215,-3.141592653589793,0.0,0.0
Time:,0.44,x:   ,0.7853981633974483,0.0,0.0,0.0,0.0,0.0,35.40387531290953,0.0,35.40387531290953,0.22124191895183556,0.9891622772797241,0.4866470375124053,0.0,0.0,0.0,4.0,0.0,1.0610619213946215,-3.141592653589793,0.0,0.0
Time:,0.445,x:   ,0.7853981633974483,0.0,0.0,0.0,0.0,0.0,35.40387531290953,0.0,35.40387531290953,0.22238048691917672,0.9886653131941715,0.4862314157986467,0.0,0.0,0.0,4.0,0.0,1.0610619213946215,-3.141592653589793,0.0,0.0
Time:,0.45,x:   ,0.7853981633974483,0.0,0.0,0.0,0.0,0.0,35.40387531290953,0.0,35.40387531290953,0.22351381396974798,0.9881784648479301,0.48582190563025746,0.0,0.0,0.0,4.0,0.0,1.0610619213946215,-3.141592653589793,0.0,0.0
Time:,0.455,x:   ,0.7853981633974483,0.0,0.0,0.0,0.0,0.0,35.40387531290953,0.0,35.40387531290953,0.22464186002257316,0.9877017597748958,0.48541852481995795,0.0,0.0,0.0,4.0,0.0,1.0610619213946215,-3.141592653589793,0.0,0.0
Time:,0.46,x:   ,0.7853981633974483,0.0,0.0,0.0,0.0,0.0,35.40387531290953,0.0,35.40387531290953,0.22576458533979146,0.9872352249980786,0.4850212909281227,0.0,0.0,0.0,4.0,0.0,1.0610619213946215,-3.141592653589793,0.0,0.0
Time:,0.465,x:   ,0.7853981633974483,0.0,0.0,0.0,0.0,0.0,35.40387531290953,0.0,35.40387531290953,0.22688195051749738,0.9867788870700192,0.484630221175844,0.0,0.0,0.0,4.0,0.0,1.0610619213946215,-3.141592653589793,0.0,0.0
Time:,0.47000000000000003,x:   ,0.7853981633974483,0.0,0.0,0.0,0.0,0.0,35.40387531290953,0.0,35.40387531290953,0.22799391648824371,0.9863327720681954,0.48424533244396945,0.0,0.0,0.0,4.0,0.0,1.0610619213946215,-3.141592653589793,0.0,0.0
Time:,0.47500000000000003,x:   ,0.7853981633974483,0.0,0.0,0.0,0.0,0.0,35.40387531290953,0.0,35.40387531290953,0.2291004445333478,0.9858969055524673,0.48386664134464946,0.0,0.0,0.0,4.0,0.0,1.0610619213946215,-3.141592653589793,0.0,0.0
Time:,0.48,x:   ,0.7853981633974483,0.0,0.0,0.0,0.0,0.0,35.40387531290953,0.0,35.40387531290953,0.23020149627563993,0.9854713125979117,0.48349416414926627,0.0,0.0,0.0,4.0,0.0,1.0610619213946215,-3.141592653589793,0.0,0.0
Time:,0.485,x:   ,0.7853981633974483,0.0,0.0,0.0,0.0,0.0,35.40387531290953,0.0,35.40387531290953,0.23129703368428978,0.985056017780956,0.4831279168055361,0.0,0.0,0.0,4.0,0.0,1.0610619213946215,-3.141592653589793,0.0,0.0
Time:,0.49,x:   ,0.7853981633974483,0.0,0.0,0.0,0.0,0.0,35.40387531290953,0.0,35.40387531290953,0.23238701908012138,0.9846510451635044,0.4827679149586146,0.0,0.0,0.0,4.0,0.0,1.0610619213946215,-3.141592653589793,0.0,0.0
Time:,0.495,x:   ,0.7853981633974483,0.0,0.0,0.0,0.0,0.0,35.40387531290953,0.0,35.40387531290953,0.23347141513373498,0.9842564183047617,0.4824141739194951,0.0,0.0,0.0,4.0,0.0,1.0610619213946215,-3.141592653589793,0.0,0.0
Time:,0.5,x:   ,0.7853981633974483,0.0,0.0,0.0,0.0,0.0,35.40387531290953,0.0,35.40387531290953,0.23455018486975177,0.9838721602492935,0.4820667086788976,0.0,0.0,0.0,4.0,0.0,1.0610619213946215,-3.141592653589793,0.0,0.0
Time:,0.505,x:   ,0.7853981633974483,0.0,0.0,0.0,0.0,0.0,35.40387531290953,0.0,35.40387531290953,0.23562329166653193,0.9834982935324933,0.48172553388808725,0.0,0.0,0.0,4.0,0.0,1.0610619213946215,-3.141592653589793,0.0,0.0
Time:,0.51,x:   ,0.7853981633974483,0.0,0.0,0.0,0.0,0.0,35.40387531290953,0.0,35.40387531290953,0.23669069926658667,0.9831348401445262,0.4813906639190956,0.0,0.0,0.0,4.0,0.0,1.0610619213946215,-3.141592653589793,0.0,0.0
Time:,0.515,x:   ,0.7853981633974483,0.0,0.0,0.0,0.0,0.0,35.40387531290953,0.0,35.40387531290953,0.237752371768527,0.9827818215656616,0.48106211278888233,0.0,0.0,0.0,4.0,0.0,1.0610619213946215,-3.141592653589793,0.0,0.0
Time:,0.52,x:   ,0.7853981633974483,0.0,0.0,0.0,0.0,0.0,35.40387531290953,0.0,35.40387531290953,0.23880827362671597,0.9824392587717068,0.4807398941407135,0.0,0.0,0.0,4.0,0.0,1.0610619213946215,-3.141592653589793,0.0,0.0
Time:,0.525,x:   ,0.7853981633974483,0.0,0.0,0.0,0.0,0.0,35.40387531290953,0.0,35.40387531290953,0.23985836966606316,0.9821071721806142,0.48042402133793,0.0,0.0,0.0,4.0,0.0,1.0610619213946215,-3.141592653589793,0.0,0.0
Time:,0.53,x:   ,0.7853981633974483,0.0,0.0,0.0,0.0,0.0,35.40387531290953,0.0,35.40387531290953,0.24090262507348245,0.981785581689416,0.4801145073855625,0.0,0.0,0.0,4.0,0.0,1.0610619213946215,-3.141592653589793,0.0,0.0
Time:,0.535,x:   ,0.7853981633974483,0.0,0.0,0.0,0.0,0.0,35.40387531290953,0.0,35.40387531290953,0.24194100540778476,0.9814745066395706,0.479811364988712,0.0,0.0,0.0,4.0,0.0,1.0610619213946215,-3.141592653589793,0.0,0.0
Time:,0.54,x:   ,0.7853981633974483,0.0,0.0,0.0,0.0,0.0,35.40387531290953,0.0,35.40387531290953,0.24297347659724208,0.9811739658299932,0.47951460652011807,0.0,0.0,0.0,4.0,0.0,1.0610619213946215,-3.141592653589793,0.0,0.0
Time:,0.545,x:   ,0.7853981633974483,0.0,0.0,0.0,0.0,0.0,35.40387531290953,0.0,35.40387531290953,0.24400000493044602,0.9808839775560724,0.4792242439383143,0.0,0.0,0.0,4.0,0.0,1.0610619213946215,-3.141592653589793,0.0,0.0
Time:,0.55,x:   ,0.7853981633974483,0.0,0.0,0.0,0.0,0.0,35.40387531290953,0.0,35.40387531290953,0.2450205570745913,0.980604559542055,0.4789402889094434,0.0,0.0,0.0,4.0,0.0,1.0610619213946215,-3.141592653589793,0.0,0.0
Time:,0.555,x:   ,0.7853981633974483,0.0,0.0,0.0,0.0,0.0,35.40387531290953,0.0,35.40387531290953,0.24603510007735113,0.9803357289369387,0.4786627528081089,0.0,0.0,0.0,4.0,0.0,1.0610619213946215,-3.141592653589793,0.0,0.0
Time:,0.56,x:   ,0.7853981633974483,0.0,0.0,0.0,0.0,0.0,35.40387531290953,0.0,35.40387531290953,0.24704360135081782,0.9800775023800464,0.4783916465853823,0.0,0.0,0.0,4.0,0.0,1.0610619213946215,-3.141592653589793,0.0,0.0
Time:,0.5650000000000001,x:   ,0.7853981633974483,0.0,0.0,0.0,0.0,0.0,35.40387531290953,0.0,35.40387531290953,0.24804602869008693,0.9798298959317742,0.4781269808943461,0.0,0.0,0.0,4.0,0.0,1.0610619213946215,-3.141592653589793,0.0,0.0
Time:,0.5700000000000001,x:   ,0.7853981633974483,0.0,0.0,0.0,0.0,0.0,35.40387531290953,0.0,35.40387531290953,0.24904235027050467,0.9795929250871492,0.4778687660577906,0.0,0.0,0.0,4.0,0.0,1.0610619213946215,-3.141592653589793,0.0,0.0
Time:,0.5750000000000001,x:   ,0.7853981633974483,0.0,0.0,0.0,0.0,0.0,35.40387531290953,0.0,35.40387531290953,0.2500325346422752,0.9793666047995603,0.47761701201667817,0.0,0.0,0.0,4.0,0.0,1.0610619213946215,-3.141592653589793,0.0,0.0
Time:,0.58,x:   ,0.7853981633974483,0.0,0.0,0.0,0.0,0.0,35.40387531290953,0.0,35.40387531290953,0.25101655074064233,0.9791509494437453,0.4773717283947593,0.0,0.0,0.0,4.0,0.0,1.0610619213946215,-3.141592653589793,0.0,0.0
Time:,0.585,x:   ,0.7853981633974483,0.0,0.0,0.0,0.0,0.0,35.40387531290953,0.0,35.40387531290953,0.251994367883315,0.9789459728282821,0.4771329244689118,0.0,0.0,0.0,4.0,0.0,1.0610619213946215,-3.141592653589793,0.0,0.0
Time:,0.59,x:   ,0.7853981633974483,0.0,0.0,0.0,0.0,0.0,35.40387531290953,0.0,35.40387531290953,0.25296595576378217,0.9787516882239953,0.4769006091092671,0.0,0.0,0.0,4.0,0.0,1.0610619213946215,-3.141592653589793,0.0,0.0
Time:,0.595,x:   ,0.7853981633974483,0.0,0.0,0.0,0.0,0.0,35.40387531290953,0.0,35.40387531290953,0.2539312844711293,0.9785681082889635,0.4766747909169931,0.0,0.0,0.0,4.0,0.0,1.0610619213946215,-3.141592653589793,0.0,0.0
Time:,0.6,x:   ,0.7853981633974483,0.0,0.0,0.0,0.0,0.0,35.40387531290953,0.0,35.40387531290953,0.2548903244763196,0.9783952451240261,0.47645547811311995,0.0,0.0,0.0,4.0,0.0,1.0610619213946215,-3.141592653589793,0.0,0.0
Time:,0.605,x:   ,0.7853981633974483,0.0,0.0,0.0,0.0,0.0,35.40387531290953,0.0,35.40387531290953,0.2558430466383825,0.9782331102506118,0.47624267857588093,0.0,0.0,0.0,4.0,0.0,1.0610619213946215,-3.141592653589793,0.0,0.0
Time:,0.61,x:   ,0.7853981633974483,0.0,0.0,0.0,0.0,0.0,35.40387531290953,0.0,35.40387531290953,0.25678942220196216,0.9780817146221007,0.4760363998142613,0.0,0.0,0.0,4.0,0.0,1.0610619213946215,-3.141592653589793,0.0,0.0
Time:,0.615,x:   ,0.7853981633974483,0.0,0.0,0.0,0.0,0.0,35.40387531290953,0.0,35.40387531290953,0.25772942280123473,0.9779410686101992,0.4758366489894685,0.0,0.0,0.0,4.0,0.0,1.0610619213946215,-3.141592653589793,0.0,0.0
Time:,0.62,x:   ,0.7853981633974483,0.0,0.0,0.0,0.0,0.0,35.40387531290953,0.0,35.40387531290953,0.25866302046008904,0.9778111820057617,0.47564343290902655,0.0,0.0,0.0,4.0,0.0,1.0610619213946215,-3.141592653589793,0.0,0.0
Time:,0.625,x:   ,0.7853981633974483,0.0,0.0,0.0,0.0,0.0,35.40387531290953,0.0,35.40387531290953,0.2595901875965184,0.977692064003,0.4754567580528604,0.0,0.0,0.0,4.0,0.0,1.0610619213946215,-3.141592653589793,0.0,0.0
Time:,0.63,x:   ,0.7853981633974483,0.0,0.0,0.0,0.0,0.0,35.40387531290953,0.0,35.40387531290953,0.2605108970186946,0.9775837232160468,0.4752766305377626,0.0,0.0,0.0,4.0,0.0,1.0610619213946215,-3.141592653589793,0.0,0.0
Time:,0.635,x:   ,0.7853981633974483,0.0,0.0,0.0,0.0,0.0,35.40387531290953,0.0,35.40387531290953,0.2614251219233609,0.9774861676863114,0.47510305609971587,0.0,0.0,0.0,4.0,0.0,1.0610619213946215,-3.141592653589793,0.0,0.0
Time:,0.64,x:   ,0.7853981633974483,0.0,0.0,0.0,0.0,0.0,35.40387531290953,0.0,35.40387531290953,0.2623328359026878,0.977399404856655,0.4749360401397802,0.0,0.0,0.0,4.0,0.0,1.0610619213946215,-3.141592653589793,0.0,0.0
Time:,0.645,x:   ,0.7853981633974483,0.0,0.0,0.0,0.0,0.0,35.40387531290953,0.0,35.40387531290953,0.26323401294317916,0.977323441576436,0.47477558771129164,0.0,0.0,0.0,4.0,0.0,1.0610619213946215,-3.141592653589793,0.0,0.0
Time:,0.65,x:   ,0.7853981633974483,0.0,0.0,0.0,0.0,0.0,35.40387531290953,0.0,35.40387531290953,0.2641286274242262,0.9772582841078079,0.47462170350486543,0.0,0.0,0.0,4.0,0.0,1.0610619213946215,-3.141592653589793,0.0,0.0
Time:,0.655,x:   ,0.7853981633974483,0.0,0.0,0.0,0.0,0.0,35.40387531290953,0.0,35.40387531290953,0.26501665411980313,0.9772039381195865,0.4744743918573954,0.0,0.0,0.0,4.0,0.0,1.0610619213946215,-3.141592653589793,0.0,0.0
Time:,0.66,x:   ,0.7853981633974483,0.0,0.0,0.0,0.0,0.0,35.40387531290953,0.0,35.40387531290953,0.26589806819806855,0.9771604086891491,0.47433365674593303,0.0,0.0,0.0,4.0,0.0,1.0610619213946215,-3.141592653589793,0.0,0.0
Time:,0.665,x:   ,0.7853981633974483,0.0,0.0,0.0,0.0,0.0,35.40387531290953,0.0,35.40387531290953,0.26677284522336725,0.9771277002948057,0.474199501800022,0.0,0.0,0.0,4.0,0.0,1.0610619213946215,-3.141592653589793,0.0,0.0
Time:,0.67,x:   ,0.7853981633974483,0.0,0.0,0.0,0.0,0.0,35.40387531290953,0.0,35.40387531290953,0.26764096115428243,0.9771058168234564,0.47407193028504824,0.0,0.0,0.0,4.0,0.0,1.0610619213946215,-3.141592653589793,0.0,0.0
Time:,0.675,x:   ,0.7853981633974483,0.0,0.0,0.0,0.0,0.0,35.40387531290953,0.0,35.40387531290953,0.26850239234506,0.9770947615649126,0.47395094511132235,0.0,0.0,0.0,4.0,0.0,1.0610619213946215,-3.141592653589793,0.0,0.0
Time:,0.68,x:   ,0.7853981633974483,0.0,0.0,0.0,0.0,0.0,35.40387531290953,0.0,35.40387531290953,0.2693571155456689,0.9770945372114084,0.4738365488334663,0.0,0.0,0.0,4.0,0.0,1.0610619213946215,-3.141592653589793,0.0,0.0
Time:,0.685,x:   ,0.7853981633974483,0.0,0.0,0.0,0.0,0.0,35.40387531290953,0.0,35.40387531290953,0.27020510790048224,0.9771051458623389,0.4737287436400745,0.0,0.0,0.0,4.0,0.0,1.0610619213946215,-3.141592653589793,0.0,0.0
Time:,0.6900000000000001,x:   ,0.7853981633974483,0.0,0.0,0.0,0.0,0.0,35.40387531290953,0.0,35.40387531290953,0.27104634695385,0.9771265890019042,0.4736275313953793,0.0,0.0,0.0,4.0,0.0,1.0610619213946215,-3.141592653589793,0.0,0.0
Time:,0.6950000000000001,x:   ,0.7853981633974483,0.0,0.0,0.0,0.0,0.0,35.40387531290953,0.0,35.40387531290953,0.27188081064228264,0.9771588675289666,0.47353291358137567,0.0,0.0,0.0,4.0,0.0,1.0610619213946215,-3.141592653589793,0.0,0.0
Time:,0.7000000000000001,x:   ,0.7853981633974483,0.0,0.0,0.0,0.0,0.0,35.40387531290953,0.0,35.40387531290953,0.27270847729610875,0.9772019817497133,0.47344489131126455,0.0,0.0,0.0,4.0,0.0,1.0610619213946215,-3.141592653589793,0.0,0.0
Time:,0.705,x:   ,0.7853981633974483,0.0,0.0,0.0,0.0,0.0,35.40387531290953,0.0,35.40387531290953,0.27352932564516796,0.9772559313543373,0.47336346537370183,0.0,0.0,0.0,4.0,0.0,1.0610619213946215,-3.141592653589793,0.0,0.0
Time:,0.71,x:   ,0.7853981633974483,0.0,0.0,0.0,0.0,0.0,35.40387531290953,0.0,35.40387531290953,0.2743433348146033,0.9773207154323459,0.47328863620344225,0.0,0.0,0.0,4.0,0.0,1.0610619213946215,-3.141592653589793,0.0,0.0
Time:,0.715,x:   ,0.7853981633974483,0.0,0.0,0.0,0.0,0.0,35.40387531290953,0.0,35.40387531290953,0.27515048432118416,0.9773963324856242,0.47322040385652875,0.0,0.0,0.0,4.0,0.0,1.0610619213946215,-3.141592653589793,0.0,0.0
Time:,0.72,x:   ,0.7853981633974483,0.0,0.0,0.0,0.0,0.0,35.40387531290953,0.0,35.40387531290953,0.2759507540769139,0.9774827804128414,0.4731587680404738,0.0,0.0,0.0,4.0,0.0,1.0610619213946215,-3.141592653589793,0.0,0.0
Time:,0.725,x:   ,0.7853981633974483,0.0,0.0,0.0,0.0,0.0,35.40387531290953,0.0,35.40387531290953,0.2767441243894692,0.9775800565060941,0.47310372812134754,0.0,0.0,0.0,4.0,0.0,1.0610619213946215,-3.141592653589793,0.0,0.0
Time:,0.73,x:   ,0.7853981633974483,0.0,0.0,0.0,0.0,0.0,35.40387531290953,0.0,35.40387531290953,0.2775305759592375,0.9776881574607322,0.4730552831058363,0.0,0.0,0.0,4.0,0.0,1.0610619213946215,-3.141592653589793,0.0,0.0
Time:,0.735,x:   ,0.7853981633974483,0.0,0.0,0.0,0.0,0.0,35.40387531290953,0.0,35.40387531290953,0.2783100899089172,0.9778070792560956,0.47301343187185624,0.0,0.0,0.0,4.0,0.0,1.0610619213946215,-3.141592653589793,0.0,0.0
Time:,0.74,x:   ,0.7853981633974483,0.0,0.0,0.0,0.0,0.0,35.40387531290953,0.0,35.40387531290953,0.27908264766415153,0.9779368176278944,0.47297817225958566,0.0,0.0,0.0,4.0,0.0,1.0610619213946215,-3.141592653589793,0.0,0.0
Time:,0.745,x:   ,0.7853981633974483,0.0,0.0,0.0,0.0,0.0,35.40387531290953,0.0,35.40387531290953,0.2798482311315203,0.9780773673550245,0.47294950245074924,0.0,0.0,0.0,4.0,0.0,1.0610619213946215,-3.141592653589793,0.0,0.0
Time:,0.75,x:   ,0.7853981633974483,0.0,0.0,0.0,0.0,0.0,35.40387531290953,0.0,35.40387531290953,0.28060682257957187,0.9782287227368963,0.47292742004390254,0.0,0.0,0.0,4.0,0.0,1.0610619213946215,-3.141592653589793,0.0,0.0
Time:,0.755,x:   ,0.7853981633974483,0.0,0.0,0.0,0.0,0.0,35.40387531290953,0.0,35.40387531290953,0.28135840466525563,0.9783908774805334,0.4729119222792324,0.0,0.0,0.0,4.0,0.0,1.0610619213946215,-3.141592653589793,0.0,0.0
Time:,0.76,x:   ,0.7853981633974483,0.0,0.0,0.0,0.0,0.0,35.40387531290953,0.0,35.40387531290953,0.2821029604358746,0.9785638246916081,0.4729030060566736,0.0,0.0,0.0,4.0,0.0,1.0610619213946215,-3.141592653589793,0.0,0.0
Time:,0.765,x:   ,0.7853981633974483,0.0,0.0,0.0,0.0,0.0,35.40387531290953,0.0,35.40387531290953,0.28284047333941426,0.978747556830882,0.47290066802206643,0.0,0.0,0.0,4.0,0.0,1.0610619213946215,-3.141592653589793,0.0,0.0
Time:,0.77,x:   ,0.7853981633974483,0.0,0.0,0.0,0.0,0.0,35.40387531290953,0.0,35.40387531290953,0.28357092717469157,0.9789420659078641,0.47290490419806974,0.0,0.0,0.0,4.0,0.0,1.0610619213946215,-3.141592653589793,0.0,0.0
Time:,0.775,x:   ,0.7853981633974483,0.0,0.0,0.0,0.0,0.0,35.40387531290953,0.0,35.40387531290953,0.28429430616316625,0.9791473431937264,0.4729157105391441,0.0,0.0,0.0,4.0,0.0,1.0610619213946215,-3.141592653589793,0.0,0.0
Time:,0.78,x:   ,0.7853981633974483,0.0,0.0,0.0,0.0,0.0,35.40387531290953,0.0,35.40387531290953,0.28501059490319774,0.9793633793997605,0.47293308259078076,0.0,0.0,0.0,4.0,0.0,1.0610619213946215,-3.141592653589793,0.0,0.0
Time:,0.785,x:   ,0.7853981633974483,0.0,0.0,0.0,0.0,0.0,35.40387531290953,0.0,35.40387531290953,0.28571977836539575,0.9795901646913175,0.4729570154672832,0.0,0.0,0.0,4.0,0.0,1.0610619213946215,-3.141592653589793,0.0,0.0
Time:,0.79,x:   ,0.7853981633974483,0.0,0.0,0.0,0.0,0.0,35.40387531290953,0.0,35.40387531290953,0.2864218419091799,0.9798276886189811,0.4729875039873974,0.0,0.0,0.0,4.0,0.0,1.0610619213946215,-3.141592653589793,0.0,0.0
Time:,0.795,x:   ,0.7853981633974483,0.0,0.0,0.0,0.0,0.0,35.40387531290953,0.0,35.40387531290953,0.28711677127731655,0.9800759401366842,0.4730245426434111,0.0,0.0,0.0,4.0,0.0,1.0610619213946215,-3.141592653589793,0.0,0.0
Time:,0.8,x:   ,0.7853981633974483,0.0,0.0,0.0,0.0,0.0,35.40387531290953,0.0,35.40387531290953,0.28780455259102533,0.9803349076170746,0.4730681255757438,0.0,0.0,0.0,4.0,0.0,1.0610619213946215,-3.141592653589793,0.0,0.0
Time:,0.805,x:   ,0.7853981633974483,0.0,0.0,0.0,0.0,0.0,35.40387531290953,0.0,35.40387531290953,0.2884851723503509,0.9806045788459712,0.47311824658810686,0.0,0.0,0.0,4.0,0.0,1.0610619213946215,-3.141592653589793,0.0,0.0
Time:,0.81,x:   ,0.7853981633974483,0.0,0.0,0.0,0.0,0.0,35.40387531290953,0.0,35.40387531290953,0.28915861743263693,0.9808849410242837,0.47317489914843824,0.0,0.0,0.0,4.0,0.0,1.0610619213946215,-3.141592653589793,0.0,0.0
Time:,0.8150000000000001,x:   ,0.7853981633974483,0.0,0.0,0.0,0.0,0.0,35.40387531290953,0.0,35.40387531290953,0.2898248750895759,0.9811759807753273,0.4732380763796952,0.0,0.0,0.0,4.0,0.0,1.0610619213946215,-3.141592653589793,0.0,0.0
Time:,0.8200000000000001,x:   ,0.7853981633974483,0.0,0.0,0.0,0.0,0.0,35.40387531290953,0.0,35.40387531290953,0.29048393294723046,0.9814776841403698,0.47330777107344746,0.0,0.0,0.0,4.0,0.0,1.0610619213946215,-3.141592653589793,0.0,0.0
Time:,0.8250000000000001,x:   ,0.7853981633974483,0.0,0.0,0.0,0.0,0.0,35.40387531290953,0.0,35.40387531290953,0.29113577900592086,0.9817900365746312,0.47338397570275914,0.0,0.0,0.0,4.0,0.0,1.0610619213946215,-3.141592653589793,0.0,0.0
Time:,0.8300000000000001,x:   ,0.7853981633974483,0.0,0.0,0.0,0.0,0.0,35.40387531290953,0.0,35.40387531290953,0.2917804016322713,0.9821130229736007,0.47346668237743805,0.0,0.0,0.0,4.0,0.0,1.0610619213946215,-3.141592653589793,0.0,0.0
Time:,0.835,x:   ,0.7853981633974483,0.0,0.0,0.0,0.0,0.0,35.40387531290953,0.0,35.40387531290953,0.2924177895649412,0.9824466276461511,0.473555882900973,0.0,0.0,0.0,4.0,0.0,1.0610619213946215,-3.141592653589793,0.0,0.0
Time:,0.84,x:   ,0.7853981633974483,0.0,0.0,0.0,0.0,0.0,35.40387531290953,0.0,35.40387531290953,0.29304793190952644,0.9827908343293633,0.47365156874827347,0.0,0.0,0.0,4.0,0.0,1.0610619213946215,-3.141592653589793,0.0,0.0
Time:,0.845,x:   ,0.7853981633974483,0.0,0.0,0.0,0.0,0.0,35.40387531290953,0.0,35.40387531290953,0.29367081813585644,0.9831456261942747,0.47375373106041774,0.0,0.0,0.0,4.0,0.0,1.0610619213946215,-3.141592653589793,0.0,0.0
Time:,0.85,x:   ,0.7853981633974483,0.0,0.0,0.0,0.0,0.0,35.40387531290953,0.0,35.40387531290953,0.29428643807392246,0.9835109858561552,0.4738623606322088,0.0,0.0,0.0,4.0,0.0,1.0610619213946215,-3.141592653589793,0.0,0.0
Time:,0.855,x:   ,0.7853981633974483,0.0,0.0,0.0,0.0,0.0,35.40387531290953,0.0,35.40387531290953,0.2948947819202121,0.9838868953458901,0.473977447971574,0.0,0.0,0.0,4.0,0.0,1.0610619213946215,-3.141592653589793,0.0,0.0
Time:,0.86,x:   ,0.7853981633974483,0.0,0.0,0.0,0.0,0.0,35.40387531290953,0.0,35.40387531290953,0.29549584022619496,0.984273336147511,0.47409898323702593,0.0,0.0,0.0,4.0,0.0,1.0610619213946215,-3.141592653589793,0.0,0.0
Time:,0.865,x:   ,0.7853981633974483,0.0,0.0,0.0,0.0,0.0,35.40387531290953,0.0,35.40387531290953,0.29608960390101846,0.9846702891840619,0.47422695626937317,0.0,0.0,0.0,4.0,0.0,1.0610619213946215,-3.141592653589793,0.0,0.0
Time:,0.87,x:   ,0.7853981633974483,0.0,0.0,0.0,0.0,0.0,35.40387531290953,0.0,35.40387531290953,0.29667606421044174,0.9850777348152564,0.47436135660438605,0.0,0.0,0.0,4.0,0.0,1.0610619213946215,-3.141592653589793,0.0,0.0
Time:,0.875,x:   ,0.7853981633974483,0.0,0.0,0.0,0.0,0.0,35.40387531290953,0.0,35.40387531290953,0.2972552127707612,0.985495652855717,0.4745021734449109,0.0,0.0,0.0,4.0,0.0,1.0610619213946215,-3.141592653589793,0.0,0.0
Time:,0.88,x:   ,0.7853981633974483,0.0,0.0,0.0,0.0,0.0,35.40387531290953,0.0,35.40387531290953,0.29782704155351647,0.9859240225502264,0.47464939571627196,0.0,0.0,0.0,4.0,0.0,1.0610619213946215,-3.141592653589793,0.0,0.0
Time:,0.885,x:   ,0.7853981633974483,0.0,0.0,0.0,0.0,0.0,35.40387531290953,0.0,35.40387531290953,0.29839154286985115,0.9863628226315445,0.47480301196060354,0.0,0.0,0.0,4.0,0.0,1.0610619213946215,-3.141592653589793,0.0,0.0
Time:,0.89,x:   ,0.7853981633974483,0.0,0.0,0.0,0.0,0.0,35.40387531290953,0.0,35.40387531290953,0.29894870938875084,0.9868120312371677,0.4749630105099409,0.0,0.0,0.0,4.0,0.0,1.0610619213946215,-3.141592653589793,0.0,0.0
Time:,0.895,x:   ,0.7853981633974483,0.0,0.0,0.0,0.0,0.0,35.40387531290953,0.0,35.40387531290953,0.2994985341127056,0.9872716260063673,0.4751293793004302,0.0,0.0,0.0,4.0,0.0,1.0610619213946215,-3.141592653589793,0.0,0.0
Time:,0.9,x:   ,0.7853981633974483,0.0,0.0,0.0,0.0,0.0,35.40387531290953,0.0,35.40387531290953,0.3000410103881579,0.9877415840263012,0.4753021059904177,0.0,0.0,0.0,4.0,0.0,1.0610619213946215,-3.141592653589793,0.0,0.0
Time:,0.905,x:   ,0.7853981633974483,0.0,0.0,0.0,0.0,0.0,35.40387531290953,0.0,35.40387531290953,0.30057613189035176,0.9882218818890262,0.4754811778554949,0.0,0.0,0.0,4.0,0.0,1.0610619213946215,-3.141592653589793,0.0,0.0
Time:,0.91,x:   ,0.7853981633974483,0.0,0.0,0.0,0.0,0.0,35.40387531290953,0.0,35.40387531290953,0.301103892661586,0.9887124955305598,0.47566658211031876,0.0,0.0,0.0,4.0,0.0,1.0610619213946215,-3.141592653589793,0.0,0.0
Time:,0.915,x:   ,0.7853981633974483,0.0,0.0,0.0,0.0,0.0,35.40387531290953,0.0,35.40387531290953,0.30162428703279953,0.9892134005406055,0.47585830531414774,0.0,0.0,0.0,4.0,0.0,1.0610619213946215,-3.141592653589793,0.0,0.0
Time:,0.92,x:   ,0.7853981633974483,0.0,0.0,0.0,0.0,0.0,35.40387531290953,0.0,35.40387531290953,0.3021373097202052,0.9897245717641849,0.4760563341570004,0.0,0.0,0.0,4.0,0.0,1.0610619213946215,-3.141592653589793,0.0,0.0
Time:,0.925,x:   ,0.7853981633974483,0.0,0.0,0.0,0.0,0.0,35.40387531290953,0.0,35.40387531290953,0.3026429557030133,0.9902459837891553,0.47626065451774524,0.0,0.0,0.0,4.0,0.0,1.0610619213946215,-3.141592653589793,0.0,0.0
Time:,0.93,x:   ,0.7853981633974483,0.0,0.0,0.0,0.0,0.0,35.40387531290953,0.0,35.40387531290953,0.3031412203392675,0.9907776104700019,0.47647125240324695,0.0,0.0,0.0,4.0,0.0,1.0610619213946215,-3.141592653589793,0.0,0.0
Time:,0.935,x:   ,0.7853981633974483,0.0,0.0,0.0,0.0,0.0,35.40387531290953,0.0,35.40387531290953,0.3036320992928372,0.9913194252192051,0.4766881133857637,0.0,0.0,0.0,4.0,0.0,1.0610619213946215,-3.141592653589793,0.0,0.0
Time:,0.9400000000000001,x:   ,0.7853981633974483,0.0,0.0,0.0,0.0,0.0,35.40387531290953,0.0,35.40387531290953,0.30411558854732407,0.9918714009399048,0.47691122274758824,0.0,0.0,0.0,4.0,0.0,1.0610619213946215,-3.141592653589793,0.0,0.0
Time:,0.9450000000000001,x:   ,0.7853981633974483,0.0,0.0,0.0,0.0,0.0,35.40387531290953,0.0,35.40387531290953,0.3045916844057284,0.9924335100213876,0.47714056549805345,0.0,0.0,0.0,4.0,0.0,1.0610619213946215,-3.141592653589793,0.0,0.0
Time:,0.9500000000000001,x:   ,0.7853981633974483,0.0,0.0,0.0,0.0,0.0,35.40387531290953,0.0,35.40387531290953,0.30506038348284553,0.9930057243616387,0.47737612633996007,0.0,0.0,0.0,4.0,0.0,1.0610619213946215,-3.141592653589793,0.0,0.0
Time:,0.9550000000000001,x:   ,0.7853981633974483,0.0,0.0,0.0,0.0,0.0,35.40387531290953,0.0,35.40387531290953,0.3055216827092164,0.9935880153447578,0.4776178897227322,0.0,0.0,0.0,4.0,0.0,1.0610619213946215,-3.141592653589793,0.0,0.0
Time:,0.96,x:   ,0.7853981633974483,0.0,0.0,0.0,0.0,0.0,35.40387531290953,0.0,35.40387531290953,0.3059755793218019,0.9941803538700901,0.47786583979648256,0.0,0.0,0.0,4.0,0.0,1.0610619213946215,-3.141592653589793,0.0,0.0
Time:,0.965,x:   ,0.7853981633974483,0.0,0.0,0.0,0.0,0.0,35.40387531290953,0.0,35.40387531290953,0.306422070863381,0.994782710347242,0.4781199604316404,0.0,0.0,0.0,4.0,0.0,1.0610619213946215,-3.141592653589793,0.0,0.0
Time:,0.97,x:   ,0.7853981633974483,0.0,0.0,0.0,0.0,0.0,35.40387531290953,0.0,35.40387531290953,0.30686115518287876,0.9953950546874395,0.4783802352457428,0.0,0.0,0.0,4.0,0.0,1.0610619213946215,-3.141592653589793,0.0,0.0
Time:,0.975,x:   ,0.7853981633974483,0.0,0.0,0.0,0.0,0.0,35.40387531290953,0.0,35.40387531290953,0.3072928304268644,0.99601735632922,0.4786466475644303,0.0,0.0,0.0,4.0,0.0,1.0610619213946215,-3.141592653589793,0.0,0.0
Time:,0.98,x:   ,0.7853981633974483,0.0,0.0,0.0,0.0,0.0,35.40387531290953,0.0,35.40387531290953,0.3077170950420547,0.9966495842211787,0.4789191804649913,0.0,0.0,0.0,4.0,0.0,1.0610619213946215,-3.141592653589793,0.0,0.0
Time:,0.985,x:   ,0.7853981633974483,0.0,0.0,0.0,0.0,0.0,35.40387531290953,0.0,35.40387531290953,0.30813394776736536,0.9972917068453828,0.47919781674194106,0.0,0.0,0.0,4.0,0.0,1.0610619213946215,-3.141592653589793,0.0,0.0
Time:,0.99,x:   ,0.7853981633974483,0.0,0.0,0.0,0.0,0.0,35.40387531290953,0.0,35.40387531290953,0.30854338763259354,0.9979436922148865,0.4794825389224217,0.0,0.0,0.0,4.0,0.0,1.0610619213946215,-3.141592653589793,0.0,0.0
Time:,0.995,x:   ,0.7853981633974483,0.0,0.0,0.0,0.0,0.0,35.40387531290953,0.0,35.40387531290953,0.3089454139577276,0.998605507868771,0.47977332928645655,0.0,0.0,0.0,4.0,0.0,1.0610619213946215,-3.141592653589793,0.0,0.0
Time:,1.0,x:   ,0.7853981633974483,0.0,0.0,0.0,0.0,0.0,35.40387531290953,0.0,35.40387531290953,0.30934002634718055,0.9992771208868809,0.48007016984948425,0.0,0.0,0.0,4.0,0.0,1.0610619213946215,-3.141592653589793,0.0,0.0
Time:,1.0050000000000001,x:   ,0.7853981633974483,0.0,0.0,0.0,0.0,0.0,35.40387531290953,0.0,35.40387531290953,0.30972722468972846,0.9999584978823355,0.48037304238765327,0.0,0.0,0.0,4.0,0.0,1.0610619213946215,-3.141592653589793,0.0,0.0
Time:,1.01,x:   ,0.7853981633974483,0.0,0.0,0.0,0.0,0.0,35.40387531290953,0.0,35.40387531290953,0.31010700915037787,1.0006496050253537,0.4806819284030741,0.0,0.0,0.0,4.0,0.0,1.0610619213946215,-3.141592653589793,0.0,0.0
Time:,1.0150000000000001,x:   ,0.7853981633974483,0.0,0.0,0.0,0.0,0.0,35.40387531290953,0.0,35.40387531290953,0.31047938017025106,1.001350408035878,0.4809968091490571,0.0,0.0,0.0,4.0,0.0,1.0610619213946215,-3.141592653589793,0.0,0.0
Time:,1.02,x:   ,0.7853981633974483,0.0,0.0,0.0,0.0,0.0,35.40387531290953,0.0,35.40387531290953,0.31084433846578663,1.0020608721788324,0.48131766565039674,0.0,0.0,0.0,4.0,0.0,1.0610619213946215,-3.141592653589793,0.0,0.0
Time:,1.025,x:   ,0.7853981633974483,0.0,0.0,0.0,0.0,0.0,35.40387531290953,0.0,35.40387531290953,0.3112018850189665,1.002780962294178,0.4816444786568728,0.0,0.0,0.0,4.0,0.0,1.0610619213946215,-3.141592653589793,0.0,0.0
Time:,1.03,x:   ,0.7853981633974483,0.0,0.0,0.0,0.0,0.0,35.40387531290953,0.0,35.40387531290953,0.3115520210808614,1.003510642775242,0.4819772286961738,0.0,0.0,0.0,4.0,0.0,1.0610619213946215,-3.141592653589793,0.0,0.0
Time:,1.035,x:   ,0.7853981633974483,0.0,0.0,0.0,0.0,0.0,35.40387531290953,0.0,35.40387531290953,0.3118947481666165,1.0042498775802327,0.4823158960631689,0.0,0.0,0.0,4.0,0.0,1.0610619213946215,-3.141592653589793,0.0,0.0
Time:,1.04,x:   ,0.7853981633974483,0.0,0.0,0.0,0.0,0.0,35.40387531290953,0.0,35.40387531290953,0.31223006804687076,1.0049986302575502,0.4826604607826944,0.0,0.0,0.0,4.0,0.0,1.0610619213946215,-3.141592653589793,0.0,0.0
Time:,1.045,x:   ,0.7853981633974483,0.0,0.0,0.0,0.0,0.0,35.40387531290953,0.0,35.40387531290953,0.31255798275692415,1.0057568639022691,0.4830109027046787,0.0,0.0,0.0,4.0,0.0,1.0610619213946215,-3.141592653589793,0.0,0.0
Time:,1.05,x:   ,0.7853981633974483,0.0,0.0,0.0,0.0,0.0,35.40387531290953,0.0,35.40387531290953,0.31287849457596384,1.0065245412286314,0.4833672013763705,0.0,0.0,0.0,4.0,0.0,1.0610619213946215,-3.141592653589793,0.0,0.0
Time:,1.055,x:   ,0.7853981633974483,0.0,0.0,0.0,0.0,0.0,35.40387531290953,0.0,35.40387531290953,0.3131916060402085,1.0073016245111057,0.4837293361672071,0.0,0.0,0.0,4.0,0.0,1.0610619213946215,-3.141592653589793,0.0,0.0
Time:,1.06,x:   ,0.7853981633974483,0.0,0.0,0.0,0.0,0.0,35.40387531290953,0.0,35.40387531290953,0.313497319932583,1.0080880756163522,0.4840972862190389,0.0,0.0,0.0,4.0,0.0,1.0610619213946215,-3.141592653589793,0.0,0.0
Time:,1.065,x:   ,0.7853981633974483,0.0,0.0,0.0,0.0,0.0,35.40387531290953,0.0,35.40387531290953,0.3137956392772469,1.0088838560163582,0.484471030432545,0.0,0.0,0.0,4.0,0.0,1.0610619213946215,-3.141592653589793,0.0,0.0
Time:,1.07,x:   ,0.7853981633974483,0.0,0.0,0.0,0.0,0.0,35.40387531290953,0.0,35.40387531290953,0.31408656734045937,1.0096889267770326,0.4848505475008878,0.0,0.0,0.0,4.0,0.0,1.0610619213946215,-3.141592653589793,0.0,0.0
Time:,1.075,x:   ,0.7853981633974483,0.0,0.0,0.0,0.0,0.0,35.40387531290953,0.0,35.40387531290953,0.31437010762524215,1.0105032485707939,0.48523581589726555,0.0,0.0,0.0,4.0,0.0,1.0610619213946215,-3.141592653589793,0.0,0.0
Time:,1.08,x:   ,0.7853981633974483,0.0,0.0,0.0,0.0,0.0,35.40387531290953,0.0,35.40387531290953,0.3146462638665575,1.0113267816871474,0.4856268138663655,0.0,0.0,0.0,4.0,0.0,1.0610619213946215,-3.141592653589793,0.0,0.0
Time:,1.085,x:   ,0.7853981633974483,0.0,0.0,0.0,0.0,0.0,35.40387531290953,0.0,35.40387531290953,0.3149150400313904,1.0121594860243186,0.4860235194522404,0.0,0.0,0.0,4.0,0.0,1.0610619213946215,-3.141592653589793,0.0,0.0
Time:,1.09,x:   ,0.7853981633974483,0.0,0.0,0.0,0.0,0.0,35.40387531290953,0.0,35.40387531290953,0.315176440316309,1.013001321090623,0.4864259105075475,0.0,0.0,0.0,4.0,0.0,1.0610619213946215,-3.141592653589793,0.0,0.0
Time:,1.095,x:   ,0.7853981633974483,0.0,0.0,0.0,0.0,0.0,35.40387531290953,0.0,35.40387531290953,0.31543046914027556,1.0138522460241972,0.48683396466742335,0.0,0.0,0.0,4.0,0.0,1.0610619213946215,-3.141592653589793,0.0,0.0
Time:,1.1,x:   ,0.7853981633974483,0.0,0.0,0.0,0.0,0.0,35.40387531290953,0.0,35.40387531290953,0.31567713114336243,1.0147122195898874,0.48724765936735653,0.0,0.0,0.0,4.0,0.0,1.0610619213946215,-3.141592653589793,0.0,0.0
Time:,1.105,x:   ,0.7853981633974483,0.0,0.0,0.0,0.0,0.0,35.40387531290953,0.0,35.40387531290953,0.3159164311777765,1.0155812002058298,0.48766697180390917,0.0,0.0,0.0,4.0,0.0,1.0610619213946215,-3.141592653589793,0.0,0.0
Time:,1.11,x:   ,0.7853981633974483,0.0,0.0,0.0,0.0,0.0,35.40387531290953,0.0,35.40387531290953,0.31614837431953546,1.0164591458904586,0.48809187904856827,0.0,0.0,0.0,4.0,0.0,1.0610619213946215,-3.141592653589793,0.0,0.0
Time:,1.115,x:   ,0.7853981633974483,0.0,0.0,0.0,0.0,0.0,35.40387531290953,0.0,35.40387531290953,0.3163729658455188,1.0173460143429083,0.48852235790493215,0.0,0.0,0.0,4.0,0.0,1.0610619213946215,-3.141592653589793,0.0,0.0
Time:,1.12,x:   ,0.7853981633974483,0.0,0.0,0.0,0.0,0.0,35.40387531290953,0.0,35.40387531290953,0.3165902112466321,1.0182417628843474,0.4889583850334865,0.0,0.0,0.0,4.0,0.0,1.0610619213946215,-3.141592653589793,0.0,0.0
Time:,1.125,x:   ,0.7853981633974483,0.0,0.0,0.0,0.0,0.0,35.40387531290953,0.0,35.40387531290953,0.31680011621870285,1.0191463484850862,0.48939993691133066,0.0,0.0,0.0,4.0,0.0,1.0610619213946215,-3.141592653589793,0.0,0.0
Time:,1.1300000000000001,x:   ,0.7853981633974483,0.0,0.0,0.0,0.0,0.0,35.40387531290953,0.0,35.40387531290953,0.3170026866531542,1.020059727792508,0.4898469897902958,0.0,0.0,0.0,4.0,0.0,1.0610619213946215,-3.141592653589793,0.0,0.0
Time:,1.135,x:   ,0.7853981633974483,0.0,0.0,0.0,0.0,0.0,35.40387531290953,0.0,35.40387531290953,0.31719792863977236,1.0209818571124865,0.49029951974456687,0.0,0.0,0.0,4.0,0.0,1.0610619213946215,-3.141592653589793,0.0,0.0
Time:,1.1400000000000001,x:   ,0.7853981633974483,0.0,0.0,0.0,0.0,0.0,35.40387531290953,0.0,35.40387531290953,0.3173858484707635,1.0219126923859922,0.49075750272759655,0.0,0.0,0.0,4.0,0.0,1.0610619213946215,-3.141592653589793,0.0,0.0
Time:,1.145,x:   ,0.7853981633974483,0.0,0.0,0.0,0.0,0.0,35.40387531290953,0.0,35.40387531290953,0.31756645262186173,1.0228521892537839,0.4912209144593831,0.0,0.0,0.0,4.0,0.0,1.0610619213946215,-3.141592653589793,0.0,0.0
Time:,1.1500000000000001,x:   ,0.7853981633974483,0.0,0.0,0.0,0.0,0.0,35.40387531290953,0.0,35.40387531290953,0.31773974775574204,1.0238003030354539,0.4916897304786238,0.0,0.0,0.0,4.0,0.0,1.0610619213946215,-3.141592653589793,0.0,0.0
Time:,1.155,x:   ,0.7853981633974483,0.0,0.0,0.0,0.0,0.0,35.40387531290953,0.0,35.40387531290953,0.31790574072634786,1.0247569887050978,0.4921639262013771,0.0,0.0,0.0,4.0,0.0,1.0610619213946215,-3.141592653589793,0.0,0.0
Time:,1.16,x:   ,0.7853981633974483,0.0,0.0,0.0,0.0,0.0,35.40387531290953,0.0,35.40387531290953,0.31806443856274,1.0257222009454812,0.4926434768285039,0.0,0.0,0.0,4.0,0.0,1.0610619213946215,-3.141592653589793,0.0,0.0
Time:,1.165,x:   ,0.7853981633974483,0.0,0.0,0.0,0.0,0.0,35.40387531290953,0.0,35.40387531290953,0.3182158484753887,1.0266958941162299,0.4931283574186571,0.0,0.0,0.0,4.0,0.0,1.0610619213946215,-3.141592653589793,0.0,0.0
Time:,1.17,x:   ,0.7853981633974483,0.0,0.0,0.0,0.0,0.0,35.40387531290953,0.0,35.40387531290953,0.3183599778493555,1.0276780222722979,0.4936185428644329,0.0,0.0,0.0,4.0,0.0,1.0610619213946215,-3.141592653589793,0.0,0.0
Time:,1.175,x:   ,0.7853981633974483,0.0,0.0,0.0,0.0,0.0,35.40387531290953,0.0,35.40387531290953,0.3184968342397037,1.0286685391739092,0.4941140078848564,0.0,0.0,0.0,4.0,0.0,1.0610619213946215,-3.141592653589793,0.0,0.0
Time:,1.18,x:   ,0.7853981633974483,0.0,0.0,0.0,0.0,0.0,35.40387531290953,0.0,35.40387531290953,0.3186264253752911,1.029667398264509,0.49461472707951676,0.0,0.0,0.0,4.0,0.0,1.0610619213946215,-3.141592653589793,0.0,0.0
Time:,1.185,x:   ,0.7853981633974483,0.0,0.0,0.0,0.0,0.0,35.40387531290953,0.0,35.40387531290953,0.31874875914207895,1.0306745527270191,0.4951206748317297,0.0,0.0,0.0,4.0,0.0,1.0610619213946215,-3.141592653589793,0.0,0.0
Time:,1.19,x:   ,0.7853981633974483,0.0,0.0,0.0,0.0,0.0,35.40387531290953,0.0,35.40387531290953,0.31886384359205017,1.0316899554422954,0.4956318254001292,0.0,0.0,0.0,4.0,0.0,1.0610619213946215,-3.141592653589793,0.0,0.0
Time:,1.195,x:   ,0.7853981633974483,0.0,0.0,0.0,0.0,0.0,35.40387531290953,0.0,35.40387531290953,0.3189716869426475,1.0327135589839165,0.4961481529402215,0.0,0.0,0.0,4.0,0.0,1.0610619213946215,-3.141592653589793,0.0,0.0
Time:,1.2,x:   ,0.7853981633974483,0.0,0.0,0.0,0.0,0.0,35.40387531290953,0.0,35.40387531290953,0.3190722975566708,1.0337453156874856,0.4966696313822269,0.0,0.0,0.0,4.0,0.0,1.0610619213946215,-3.141592653589793,0.0,0.0
Time:,1.205,x:   ,0.7853981633974483,0.0,0.0,0.0,0.0,0.0,35.40387531290953,0.0,35.40387531290953,0.3191656839625073,1.0347851775662265,0.49719623460518436,0.0,0.0,0.0,4.0,0.0,1.0610619213946215,-3.141592653589793,0.0,0.0
Time:,1.21,x:   ,0.7853981633974483,0.0,0.0,0.0,0.0,0.0,35.40387531290953,0.0,35.40387531290953,0.3192518548242263,1.035833096417656,0.4977279362426137,0.0,0.0,0.0,4.0,0.0,1.0610619213946215,-3.141592653589793,0.0,0.0
Time:,1.215,x:   ,0.7853981633974483,0.0,0.0,0.0,0.0,0.0,35.40387531290953,0.0,35.40387531290953,0.3193308189635199,1.0368890237328603,0.498264709868715,0.0,0.0,0.0,4.0,0.0,1.0610619213946215,-3.141592653589793,0.0,0.0
Time:,1.22,x:   ,0.7853981633974483,0.0,0.0,0.0,0.0,0.0,35.40387531290953,0.0,35.40387531290953,0.3194025853349576,1.0379529107835084,0.49880652884176657,0.0,0.0,0.0,4.0,0.0,1.0610619213946215,-3.141592653589793,0.0,0.0
Time:,1.225,x:   ,0.7853981633974483,0.0,0.0,0.0,0.0,0.0,35.40387531290953,0.0,35.40387531290953,0.3194671630462745,1.0390247085376862,0.49935336647761097,0.0,0.0,0.0,4.0,0.0,1.0610619213946215,-3.141592653589793,0.0,0.0
Time:,1.23,x:   ,0.7853981633974483,0.0,0.0,0.0,0.0,0.0,35.40387531290953,0.0,35.40387531290953,0.3195245613375102,1.0401043677322046,0.49990519592125743,0.0,0.0,0.0,4.0,0.0,1.0610619213946215,-3.141592653589793,0.0,0.0
Time:,1.235,x:   ,0.7853981633974483,0.0,0.0,0.0,0.0,0.0,35.40387531290953,0.0,35.40387531290953,0.31957478958146607,1.0411918388638894,0.5004619901746987,0.0,0.0,0.0,4.0,0.0,1.0610619213946215,-3.141592653589793,0.0,0.0
Time:,1.24,x:   ,0.7853981633974483,0.0,0.0,0.0,0.0,0.0,35.40387531290953,0.0,35.40387531290953,0.3196178572850174,1.0422870721777575,0.5010237221306454,0.0,0.0,0.0,4.0,0.0,1.0610619213946215,-3.141592653589793,0.0,0.0
Time:,1.245,x:   ,0.7853981633974483,0.0,0.0,0.0,0.0,0.0,35.40387531290953,0.0,35.40387531290953,0.3196537740860127,1.043390017672009,0.5015903645737707,0.0,0.0,0.0,4.0,0.0,1.0610619213946215,-3.141592653589793,0.0,0.0
Time:,1.25,x:   ,0.7853981633974483,0.0,0.0,0.0,0.0,0.0,35.40387531290953,0.0,35.40387531290953,0.31968254974407634,1.0445006251261606,0.5021618901372074,0.0,0.0,0.0,4.0,0.0,1.0610619213946215,-3.141592653589793,0.0,0.0
Time:,1.2550000000000001,x:   ,0.7853981633974483,0.0,0.0,0.0,0.0,0.0,35.40387531290953,0.0,35.40387531290953,0.31970419414314694,1.0456188440847587,0.5027382713446882,0.0,0.0,0.0,4.0,0.0,1.0610619213946215,-3.141592653589793,0.0,0.0
Time:,1.26,x:   ,0.7853981633974483,0.0,0.0,0.0,0.0,0.0,35.40387531290953,0.0,35.40387531290953,0.31971871728857243,1.046744623861841,0.5033194806125606,0.0,0.0,0.0,4.0,0.0,1.0610619213946215,-3.141592653589793,0.0,0.0
Time:,1.2650000000000001,x:   ,0.7853981633974483,0.0,0.0,0.0,0.0,0.0,35.40387531290953,0.0,35.40387531290953,0.3197261293058649,1.0478779135391656,0.5039054902637687,0.0,0.0,0.0,4.0,0.0,1.0610619213946215,-3.141592653589793,0.0,0.0
Time:,1.27,x:   ,0.7853981633974483,0.0,0.0,0.0,0.0,0.0,35.40387531290953,0.0,35.40387531290953,0.3197264404307403,1.0490186619974267,0.5044962724780552,0.0,0.0,0.0,4.0,0.0,1.0610619213946215,-3.141592653589793,0.0,0.0
Time:,1.2750000000000001,x:   ,0.7853981633974483,0.0,0.0,0.0,0.0,0.0,35.40387531290953,0.0,35.40387531290953,0.319719661010725,1.0501668179038237,0.5050917993263365,0.0,0.0,0.0,4.0,0.0,1.0610619213946215,-3.141592653589793,0.0,0.0
Time:,1.28,x:   ,0.7853981633974483,0.0,0.0,0.0,0.0,0.0,35.40387531290953,0.0,35.40387531290953,0.31970580150339584,1.051322329712448,0.5056920427802428,0.0,0.0,0.0,4.0,0.0,1.0610619213946215,-3.141592653589793,0.0,0.0
Time:,1.285,x:   ,0.7853981633974483,0.0,0.0,0.0,0.0,0.0,35.40387531290953,0.0,35.40387531290953,0.31968487247583605,1.0524851456602082,0.5062969747302071,0.0,0.0,0.0,4.0,0.0,1.0610619213946215,-3.141592653589793,0.0,0.0
Time:,1.29,x:   ,0.7853981633974483,0.0,0.0,0.0,0.0,0.0,35.40387531290953,0.0,35.40387531290953,0.3196568845995469,1.053655213779921,0.5069065669702962,0.0,0.0,0.0,4.0,0.0,1.0610619213946215,-3.141592653589793,0.0,0.0
Time:,1.295,x:   ,0.7853981633974483,0.0,0.0,0.0,0.0,0.0,35.40387531290953,0.0,35.40387531290953,0.3196218486398861,1.0548324819340107,0.507520791143134,0.0,0.0,0.0,4.0,0.0,1.0610619213946215,-3.141592653589793,0.0,0.0
Time:,1.3,x:   ,0.7853981633974483,0.0,0.0,0.0,0.0,0.0,35.40387531290953,0.0,35.40387531290953,0.3195797754698613,1.056016897756741,0.5081396188614365,0.0,0.0,0.0,4.0,0.0,1.0610619213946215,-3.141592653589793,0.0,0.0
Time:,1.305,x:   ,0.7853981633974483,0.0,0.0,0.0,0.0,0.0,35.40387531290953,0.0,35.40387531290953,0.31953067604790725,1.0572084087318596,0.5087630215678146,0.0,0.0,0.0,4.0,0.0,1.0610619213946215,-3.141592653589793,0.0,0.0
Time:,1.31,x:   ,0.7853981633974483,0.0,0.0,0.0,0.0,0.0,35.40387531290953,0.0,35.40387531290953,0.31947456143504294,1.0584069621224494,0.5093909706800709,0.0,0.0,0.0,4.0,0.0,1.0610619213946215,-3.141592653589793,0.0,0.0
Time:,1.315,x:   ,0.7853981633974483,0.0,0.0,0.0,0.0,0.0,35.40387531290953,0.0,35.40387531290953,0.3194114427826975,1.0596125050110021,0.5100234375233967,0.0,0.0,0.0,4.0,0.0,1.0610619213946215,-3.141592653589793,0.0,0.0
Time:,1.32,x:   ,0.7853981633974483,0.0,0.0,0.0,0.0,0.0,35.40387531290953,0.0,35.40387531290953,0.3193413313175112,1.0608249843507005,0.5106603932408016,0.0,0.0,0.0,4.0,0.0,1.0610619213946215,-3.141592653589793,0.0,0.0
Time:,1.325,x:   ,0.7853981633974483,0.0,0.0,0.0,0.0,0.0,35.40387531290953,0.0,35.40387531290953,0.3192642383751456,1.06204434683343,0.5113018090576681,0.0,0.0,0.0,4.0,0.0,1.0610619213946215,-3.141592653589793,0.0,0.0
Time:,1.33,x:   ,0.7853981633974483,0.0,0.0,0.0,0.0,0.0,35.40387531290953,0.0,35.40387531290953,0.31918017535747806,1.0632705390445942,0.511947655991827,0.0,0.0,0.0,4.0,0.0,1.0610619213946215,-3.141592653589793,0.0,0.0
Time:,1.335,x:   ,0.7853981633974483,0.0,0.0,0.0,0.0,0.0,35.40387531290953,0.0,35.40387531290953,0.3190891537550944,1.0645035073736522,0.5125979050357583,0.0,0.0,0.0,4.0,0.0,1.0610619213946215,-3.141592653589793,0.0,0.0
Time:,1.34,x:   ,0.7853981633974483,0.0,0.0,0.0,0.0,0.0,35.40387531290953,0.0,35.40387531290953,0.31899118513093616,1.0657431980700247,0.5132525270576036,0.0,0.0,0.0,4.0,0.0,1.0610619213946215,-3.141592653589793,0.0,0.0
Time:,1.345,x:   ,0.7853981633974483,0.0,0.0,0.0,0.0,0.0,35.40387531290953,0.0,35.40387531290953,0.31888628112936157,1.0669895572041586,0.5139114928854988,0.0,0.0,0.0,4.0,0.0,1.0610619213946215,-3.141592653589793,0.0,0.0
Time:,1.35,x:   ,0.7853981633974483,0.0,0.0,0.0,0.0,0.0,35.40387531290953,0.0,35.40387531290953,0.318774453461283,1.0682425307179158,0.5145747732190346,0.0,0.0,0.0,4.0,0.0,1.0610619213946215,-3.141592653589793,0.0,0.0
Time:,1.355,x:   ,0.7853981633974483,0.0,0.0,0.0,0.0,0.0,35.40387531290953,0.0,35.40387531290953,0.31865571392450226,1.0695020643439628,0.5152423387940038,0.0,0.0,0.0,4.0,0.0,1.0610619213946215,-3.141592653589793,0.0,0.0
Time:,1.36,x:   ,0.7853981633974483,0.0,0.0,0.0,0.0,0.0,35.40387531290953,0.0,35.40387531290953,0.31853007437731073,1.0707681036992727,0.5159141602102496,0.0,0.0,0.0,4.0,0.0,1.0610619213946215,-3.141592653589793,0.0,0.0
Time:,1.365,x:   ,0.7853981633974483,0.0,0.0,0.0,0.0,0.0,35.40387531290953,0.0,35.40387531290953,0.3183975467458614,1.0720405942529043,0.5165902080025796,0.0,0.0,0.0,4.0,0.0,1.0610619213946215,-3.141592653589793,0.0,0.0
Time:,1.37,x:   ,0.7853981633974483,0.0,0.0,0.0,0.0,0.0,35.40387531290953,0.0,35.40387531290953,0.31825814301916827,1.0733194813399571,0.5172704526222668,0.0,0.0,0.0,4.0,0.0,1.0610619213946215,-3.141592653589793,0.0,0.0
Time:,1.375,x:   ,0.7853981633974483,0.0,0.0,0.0,0.0,0.0,35.40387531290953,0.0,35.40387531290953,0.3181118752479553,1.074604710161278,0.5179548644459777,0.0,0.0,0.0,4.0,0.0,1.0610619213946215,-3.141592653589793,0.0,0.0
Time:,1.3800000000000001,x:   ,0.7853981633974483,0.0,0.0,0.0,0.0,0.0,35.40387531290953,0.0,35.40387531290953,0.31795875555232544,1.0758962257506484,0.5186434138475657,0.0,0.0,0.0,4.0,0.0,1.0610619213946215,-3.141592653589793,0.0,0.0
Time:,1.385,x:   ,0.7853981633974483,0.0,0.0,0.0,0.0,0.0,35.40387531290953,0.0,35.40387531290953,0.31779879611318035,1.0771939730023468,0.519336071152911,0.0,0.0,0.0,4.0,0.0,1.0610619213946215,-3.141592653589793,0.0,0.0
Time:,1.3900000000000001,x:   ,0.7853981633974483,0.0,0.0,0.0,0.0,0.0,35.40387531290953,0.0,35.40387531290953,0.3176320091561297,1.0784978967263956,0.5200328065409869,0.0,0.0,0.0,4.0,0.0,1.0610619213946215,-3.141592653589793,0.0,0.0
Time:,1.395,x:   ,0.7853981633974483,0.0,0.0,0.0,0.0,0.0,35.40387531290953,0.0,35.40387531290953,0.3174584069729263,1.0798079415651276,0.5207335902133517,0.0,0.0,0.0,4.0,0.0,1.0610619213946215,-3.141592653589793,0.0,0.0
Time:,1.4000000000000001,x:   ,0.7853981633974483,0.0,0.0,0.0,0.0,0.0,35.40387531290953,0.0,35.40387531290953,0.3172780019059363,1.0811240520466499,0.5214383922984578,0.0,0.0,0.0,4.0,0.0,1.0610619213946215,-3.141592653589793,0.0,0.0
Time:,1.405,x:   ,0.7853981633974483,0.0,0.0,0.0,0.0,0.0,35.40387531290953,0.0,35.40387531290953,0.317090806345602,1.0824461725902188,0.5221471828489391,0.0,0.0,0.0,4.0,0.0,1.0610619213946215,-3.141592653589793,0.0,0.0
Time:,1.41,x:   ,0.7853981633974483,0.0,0.0,0.0,0.0,0.0,35.40387531290953,0.0,35.40387531290953,0.316896832727215,1.0837742475142498,0.5228599318336971,0.0,0.0,0.0,4.0,0.0,1.0610619213946215,-3.141592653589793,0.0,0.0
Time:,1.415,x:   ,0.7853981633974483,0.0,0.0,0.0,0.0,0.0,35.40387531290953,0.0,35.40387531290953,0.3166960935550655,1.085108220943762,0.5235766093247254,0.0,0.0,0.0,4.0,0.0,1.0610619213946215,-3.141592653589793,0.0,0.0
Time:,1.42,x:   ,0.7853981633974483,0.0,0.0,0.0,0.0,0.0,35.40387531290953,0.0,35.40387531290953,0.3164886013478743,1.086448037007565,0.5242971851224081,0.0,0.0,0.0,4.0,0.0,1.0610619213946215,-3.141592653589793,0.0,0.0
Time:,1.425,x:   ,0.7853981633974483,0.0,0.0,0.0,0.0,0.0,35.40387531290953,0.0,35.40387531290953,0.3162743686963763,1.0877936396229162,0.5250216291800772,0.0,0.0,0.0,4.0,0.0,1.0610619213946215,-3.141592653589793,0.0,0.0
Time:,1.43,x:   ,0.7853981633974483,0.0,0.0,0.0,0.0,0.0,35.40387531290953,0.0,35.40387531290953,0.3160534082171239,1.0891449726619564,0.5257499112886194,0.0,0.0,0.0,4.0,0.0,1.0610619213946215,-3.141592653589793,0.0,0.0
Time:,1.435,x:   ,0.7853981633974483,0.0,0.0,0.0,0.0,0.0,35.40387531290953,0.0,35.40387531290953,0.31582573258134505,1.0905019798424596,0.5264820012952759,0.0,0.0,0.0,4.0,0.0,1.0610619213946215,-3.141592653589793,0.0,0.0
Time:,1.44,x:   ,0.7853981633974483,0.0,0.0,0.0,0.0,0.0,35.40387531290953,0.0,35.40387531290953,0.31559135448975273,1.091864604817024,0.5272178689376693,0.0,0.0,0.0,4.0,0.0,1.0610619213946215,-3.141592653589793,0.0,0.0
Time:,1.445,x:   ,0.7853981633974483,0.0,0.0,0.0,0.0,0.0,35.40387531290953,0.0,35.40387531290953,0.31535028668093196,1.093232791139181,0.5279574839163256,0.0,0.0,0.0,4.0,0.0,1.0610619213946215,-3.141592653589793,0.0,0.0
Time:,1.45,x:   ,0.7853981633974483,0.0,0.0,0.0,0.0,0.0,35.40387531290953,0.0,35.40387531290953,0.31510254192673,1.0946064822772437,0.5287008158745002,0.0,0.0,0.0,4.0,0.0,1.0610619213946215,-3.141592653589793,0.0,0.0
Time:,1.455,x:   ,0.7853981633974483,0.0,0.0,0.0,0.0,0.0,35.40387531290953,0.0,35.40387531290953,0.3148481330403004,1.09598562158203,0.5294478344673709,0.0,0.0,0.0,4.0,0.0,1.0610619213946215,-3.141592653589793,0.0,0.0
Time:,1.46,x:   ,0.7853981633974483,0.0,0.0,0.0,0.0,0.0,35.40387531290953,0.0,35.40387531290953,0.31458707287188187,1.0973701522996069,0.5301985093438109,0.0,0.0,0.0,4.0,0.0,1.0610619213946215,-3.141592653589793,0.0,0.0
Time:,1.465,x:   ,0.7853981633974483,0.0,0.0,0.0,0.0,0.0,35.40387531290953,0.0,35.40387531290953,0.3143193742935321,1.0987600176242736,0.5309528100499802,0.0,0.0,0.0,4.0,0.0,1.0610619213946215,-3.141592653589793,0.0,0.0
Time:,1.47,x:   ,0.7853981633974483,0.0,0.0,0.0,0.0,0.0,35.40387531290953,0.0,35.40387531290953,0.3140450502156268,1.1001551606357889,0.5317107061573446,0.0,0.0,0.0,4.0,0.0,1.0610619213946215,-3.141592653589793,0.0,0.0
Time:,1.475,x:   ,0.7853981633974483,0.0,0.0,0.0,0.0,0.0,35.40387531290953,0.0,35.40387531290953,0.31376411356828426,1.1015555243645845,0.5324721671422785,0.0,0.0,0.0,4.0,0.0,1.0610619213946215,-3.141592653589793,0.0,0.0
Time:,1.48,x:   ,0.7853981633974483,0.0,0.0,0.0,0.0,0.0,35.40387531290953,0.0,35.40387531290953,0.3134765773163266,1.1029610517349084,0.5332371625024317,0.0,0.0,0.0,4.0,0.0,1.0610619213946215,-3.141592653589793,0.0,0.0
Time:,1.485,x:   ,0.7853981633974483,0.0,0.0,0.0,0.0,0.0,35.40387531290953,0.0,35.40387531290953,0.31318245445075166,1.1043716855936496,0.534005661706694,0.0,0.0,0.0,4.0,0.0,1.0610619213946215,-3.141592653589793,0.0,0.0
Time:,1.49,x:   ,0.7853981633974483,0.0,0.0,0.0,0.0,0.0,35.40387531290953,0.0,35.40387531290953,0.3128817579850012,1.1057873687217004,0.5347776341789657,0.0,0.0,0.0,4.0,0.0,1.0610619213946215,-3.141592653589793,0.0,0.0
Time:,1.495,x:   ,0.7853981633974483,0.0,0.0,0.0,0.0,0.0,35.40387531290953,0.0,35.40387531290953,0.3125745009580076,1.1072080438208338,0.5355530493293109,0.0,0.0,0.0,4.0,0.0,1.0610619213946215,-3.141592653589793,0.0,0.0
Time:,1.5,x:   ,0.7853981633974483,0.0,0.0,0.0,0.0,0.0,35.40387531290953,0.0,35.40387531290953,0.3122606964400251,1.1086336534907502,0.5363318766041331,0.0,0.0,0.0,4.0,0.0,1.0610619213946215,-3.141592653589793,0.0,0.0
Time:,1.5050000000000001,x:   ,0.7853981633974483,0.0,0.0,0.0,0.0,0.0,35.40387531290953,0.0,35.40387531290953,0.311940357502585,1.1100641403358604,0.5371140852842619,0.0,0.0,0.0,4.0,0.0,1.0610619213946215,-3.141592653589793,0.0,0.0
Time:,1.51,x:   ,0.7853981633974483,0.0,0.0,0.0,0.0,0.0,35.40387531290953,0.0,35.40387531290953,0.31161349726132603,1.11149944680872,0.5378996447944223,0.0,0.0,0.0,4.0,0.0,1.0610619213946215,-3.141592653589793,0.0,0.0
Time:,1.5150000000000001,x:   ,0.7853981633974483,0.0,0.0,0.0,0.0,0.0,35.40387531290953,0.0,35.40387531290953,0.31128012883366,1.1129395153613777,0.5386885244144859,0.0,0.0,0.0,4.0,0.0,1.0610619213946215,-3.141592653589793,0.0,0.0
Time:,1.52,x:   ,0.7853981633974483,0.0,0.0,0.0,0.0,0.0,35.40387531290953,0.0,35.40387531290953,0.31094026535901376,1.1143842883706527,0.5394806934297947,0.0,0.0,0.0,4.0,0.0,1.0610619213946215,-3.141592653589793,0.0,0.0
Time:,1.5250000000000001,x:   ,0.7853981633974483,0.0,0.0,0.0,0.0,0.0,35.40387531290953,0.0,35.40387531290953,0.31059392001056374,1.115833708094653,0.5402761212207043,0.0,0.0,0.0,4.0,0.0,1.0610619213946215,-3.141592653589793,0.0,0.0
Time:,1.53,x:   ,0.7853981633974483,0.0,0.0,0.0,0.0,0.0,35.40387531290953,0.0,35.40387531290953,0.3102411059572589,1.1172877168081277,0.541074777004488,0.0,0.0,0.0,4.0,0.0,1.0610619213946215,-3.141592653589793,0.0,0.0
Time:,1.5350000000000001,x:   ,0.7853981633974483,0.0,0.0,0.0,0.0,0.0,35.40387531290953,0.0,35.40387531290953,0.30988183640322164,1.1187462566595536,0.5418766301179462,0.0,0.0,0.0,4.0,0.0,1.0610619213946215,-3.141592653589793,0.0,0.0
Time:,1.54,x:   ,0.7853981633974483,0.0,0.0,0.0,0.0,0.0,35.40387531290953,0.0,35.40387531290953,0.30951612454930805,1.1202092698081185,0.5426816497558437,0.0,0.0,0.0,4.0,0.0,1.0610619213946215,-3.141592653589793,0.0,0.0
Time:,1.545,x:   ,0.7853981633974483,0.0,0.0,0.0,0.0,0.0,35.40387531290953,0.0,35.40387531290953,0.3091439836230592,1.121676698315216,0.5434898051864774,0.0,0.0,0.0,4.0,0.0,1.0610619213946215,-3.141592653589793,0.0,0.0
Time:,1.55,x:   ,0.7853981633974483,0.0,0.0,0.0,0.0,0.0,35.40387531290953,0.0,35.40387531290953,0.3087654268630673,1.1231484841996902,0.5443010656487937,0.0,0.0,0.0,4.0,0.0,1.0610619213946215,-3.141592653589793,0.0,0.0
Time:,1.555,x:   ,0.7853981633974483,0.0,0.0,0.0,0.0,0.0,35.40387531290953,0.0,35.40387531290953,0.30838046751478526,1.124624569451962,0.5451154003293208,0.0,0.0,0.0,4.0,0.0,1.0610619213946215,-3.141592653589793,0.0,0.0
Time:,1.56,x:   ,0.7853981633974483,0.0,0.0,0.0,0.0,0.0,35.40387531290953,0.0,35.40387531290953,0.30798911885659047,1.1261048959403175,0.5459327785487814,0.0,0.0,0.0,4.0,0.0,1.0610619213946215,-3.141592653589793,0.0,0.0
Time:,1.565,x:   ,0.7853981633974483,0.0,0.0,0.0,0.0,0.0,35.40387531290953,0.0,35.40387531290953,0.30759139414879555,1.1275894055923463,0.5467531694133483,0.0,0.0,0.0,4.0,0.0,1.0610619213946215,-3.141592653589793,0.0,0.0
Time:,1.57,x:   ,0.7853981633974483,0.0,0.0,0.0,0.0,0.0,35.40387531290953,0.0,35.40387531290953,0.30718730668676303,1.1290780402049503,0.5475765421883877,0.0,0.0,0.0,4.0,0.0,1.0610619213946215,-3.141592653589793,0.0,0.0
Time:,1.575,x:   ,0.7853981633974483,0.0,0.0,0.0,0.0,0.0,35.40387531290953,0.0,35.40387531290953,0.3067768697581536,1.1305707415963737,0.5484028660066513,0.0,0.0,0.0,4.0,0.0,1.0610619213946215,-3.141592653589793,0.0,0.0
Time:,1.58,x:   ,0.7853981633974483,0.0,0.0,0.0,0.0,0.0,35.40387531290953,0.0,35.40387531290953,0.30636009667278036,1.1320674514996303,0.5492321100796015,0.0,0.0,0.0,4.0,0.0,1.0610619213946215,-3.141592653589793,0.0,0.0
Time:,1.585,x:   ,0.7853981633974483,0.0,0.0,0.0,0.0,0.0,35.40387531290953,0.0,35.40387531290953,0.3059370007465492,1.1335681116195457,0.5500642435902016,0.0,0.0,0.0,4.0,0.0,1.0610619213946215,-3.141592653589793,0.0,0.0
Time:,1.59,x:   ,0.7853981633974483,0.0,0.0,0.0,0.0,0.0,35.40387531290953,0.0,35.40387531290953,0.3055075953156753,1.1350726635822905,0.5508992357949324,0.0,0.0,0.0,4.0,0.0,1.0610619213946215,-3.141592653589793,0.0,0.0
Time:,1.595,x:   ,0.7853981633974483,0.0,0.0,0.0,0.0,0.0,35.40387531290953,0.0,35.40387531290953,0.3050718937049477,1.1365810490479435,0.5517370558082182,0.0,0.0,0.0,4.0,0.0,1.0610619213946215,-3.141592653589793,0.0,0.0
Time:,1.6,x:   ,0.7853981633974483,0.0,0.0,0.0,0.0,0.0,35.40387531290953,0.0,35.40387531290953,0.30462990925523714,1.1380932096130378,0.5525776727957283,0.0,0.0,0.0,4.0,0.0,1.0610619213946215,-3.141592653589793,0.0,0.0
Time:,1.605,x:   ,0.7853981633974483,0.0,0.0,0.0,0.0,0.0,35.40387531290953,0.0,35.40387531290953,0.30418165533137437,1.139609086783208,0.5534210560311273,0.0,0.0,0.0,4.0,0.0,1.0610619213946215,-3.141592653589793,0.0,0.0
Time:,1.61,x:   ,0.7853981633974483,0.0,0.0,0.0,0.0,0.0,35.40387531290953,0.0,35.40387531290953,0.303727145284619,1.1411286221061778,0.5542671746403752,0.0,0.0,0.0,4.0,0.0,1.0610619213946215,-3.141592653589793,0.0,0.0
Time:,1.615,x:   ,0.7853981633974483,0.0,0.0,0.0,0.0,0.0,35.40387531290953,0.0,35.40387531290953,0.3032663924790632,1.1426517570788168,0.5551159977860297,0.0,0.0,0.0,4.0,0.0,1.0610619213946215,-3.141592653589793,0.0,0.0
Time:,1.62,x:   ,0.7853981633974483,0.0,0.0,0.0,0.0,0.0,35.40387531290953,0.0,35.40387531290953,0.3027994102912866,1.1441784331490872,0.5559674946666452,0.0,0.0,0.0,4.0,0.0,1.0610619213946215,-3.141592653589793,0.0,0.0
Time:,1.625,x:   ,0.7853981633974483,0.0,0.0,0.0,0.0,0.0,35.40387531290953,0.0,35.40387531290953,0.30232621210514987,1.145708591735076,0.5568216344827561,0.0,0.0,0.0,4.0,0.0,1.0610619213946215,-3.141592653589793,0.0,0.0
Time:,1.6300000000000001,x:   ,0.7853981633974483,0.0,0.0,0.0,0.0,0.0,35.40387531290953,0.0,35.40387531290953,0.3018468113178608,1.1472421742045276,0.5576783864798093,0.0,0.0,0.0,4.0,0.0,1.0610619213946215,-3.141592653589793,0.0,0.0
Time:,1.635,x:   ,0.7853981633974483,0.0,0.0,0.0,0.0,0.0,35.40387531290953,0.0,35.40387531290953,0.3013612213132153,1.1487791219696188,0.5585377197662692,0.0,0.0,0.0,4.0,0.0,1.0610619213946215,-3.141592653589793,0.0,0.0
Time:,1.6400000000000001,x:   ,0.7853981633974483,0.0,0.0,0.0,0.0,0.0,35.40387531290953,0.0,35.40387531290953,0.3008694555033758,1.1503193763413075,0.5593996036004297,0.0,0.0,0.0,4.0,0.0,1.0610619213946215,-3.141592653589793,0.0,0.0
Time:,1.645,x:   ,0.7853981633974483,0.0,0.0,0.0,0.0,0.0,35.40387531290953,0.0,35.40387531290953,0.3003715272892224,1.1518628786694558,0.5602640071198944,0.0,0.0,0.0,4.0,0.0,1.0610619213946215,-3.141592653589793,0.0,0.0
Time:,1.6500000000000001,x:   ,0.7853981633974483,0.0,0.0,0.0,0.0,0.0,35.40387531290953,0.0,35.40387531290953,0.2998674500903351,1.1534095702389942,0.5611308995467598,0.0,0.0,0.0,4.0,0.0,1.0610619213946215,-3.141592653589793,0.0,0.0
Time:,1.655,x:   ,0.7853981633974483,0.0,0.0,0.0,0.0,0.0,35.40387531290953,0.0,35.40387531290953,0.29935723733866554,1.1549593922935064,0.5620002501441965,0.0,0.0,0.0,4.0,0.0,1.0610619213946215,-3.141592653589793,0.0,0.0
Time:,1.6600000000000001,x:   ,0.7853981633974483,0.0,0.0,0.0,0.0,0.0,35.40387531290953,0.0,35.40387531290953,0.2988409024663067,1.1565122860793402,0.5628720281328993,0.0,0.0,0.0,4.0,0.0,1.0610619213946215,-3.141592653589793,0.0,0.0
Time:,1.665,x:   ,0.7853981633974483,0.0,0.0,0.0,0.0,0.0,35.40387531290953,0.0,35.40387531290953,0.2983184589208949,1.1580681927933965,0.5637462027953798,0.0,0.0,0.0,4.0,0.0,1.0610619213946215,-3.141592653589793,0.0,0.0
Time:,1.67,x:   ,0.7853981633974483,0.0,0.0,0.0,0.0,0.0,35.40387531290953,0.0,35.40387531290953,0.29778992013456734,1.1596270536927058,0.5646227432644048,0.0,0.0,0.0,4.0,0.0,1.0610619213946215,-3.141592653589793,0.0,0.0
Time:,1.675,x:   ,0.7853981633974483,0.0,0.0,0.0,0.0,0.0,35.40387531290953,0.0,35.40387531290953,0.29725529956474644,1.1611888099541585,0.5655016187990631,0.0,0.0,0.0,4.0,0.0,1.0610619213946215,-3.141592653589793,0.0,0.0
Time:,1.68,x:   ,0.7853981633974483,0.0,0.0,0.0,0.0,0.0,35.40387531290953,0.0,35.40387531290953,0.2967146106867966,1.1627534027021456,0.5663827987330052,0.0,0.0,0.0,4.0,0.0,1.0610619213946215,-3.141592653589793,0.0,0.0
Time:,1.685,x:   ,0.7853981633974483,0.0,0.0,0.0,0.0,0.0,35.40387531290953,0.0,35.40387531290953,0.29616786696837605,1.1643207730994036,0.5672662522992112,0.0,0.0,0.0,4.0,0.0,1.0610619213946215,-3.141592653589793,0.0,0.0
Time:,1.69,x:   ,0.7853981633974483,0.0,0.0,0.0,0.0,0.0,35.40387531290953,0.0,35.40387531290953,0.29561508188813634,1.1658908622840405,0.5681519487549318,0.0,0.0,0.0,4.0,0.0,1.0610619213946215,-3.141592653589793,0.0,0.0
Time:,1.695,x:   ,0.7853981633974483,0.0,0.0,0.0,0.0,0.0,35.40387531290953,0.0,35.40387531290953,0.2950562689434505,1.1674636113450274,0.5690398574315892,0.0,0.0,0.0,4.0,0.0,1.0610619213946215,-3.141592653589793,0.0,0.0
Time:,1.7,x:   ,0.7853981633974483,0.0,0.0,0.0,0.0,0.0,35.40387531290953,0.0,35.40387531290953,0.29449144162834184,1.1690389614006824,0.5699299475833006,0.0,0.0,0.0,4.0,0.0,1.0610619213946215,-3.141592653589793,0.0,0.0
Time:,1.705,x:   ,0.7853981633974483,0.0,0.0,0.0,0.0,0.0,35.40387531290953,0.0,35.40387531290953,0.2939206134539277,1.1706168535303048,0.5708221885223081,0.0,0.0,0.0,4.0,0.0,1.0610619213946215,-3.141592653589793,0.0,0.0
Time:,1.71,x:   ,0.7853981633974483,0.0,0.0,0.0,0.0,0.0,35.40387531290953,0.0,35.40387531290953,0.29334379795189636,1.1721972287647973,0.5717165496390617,0.0,0.0,0.0,4.0,0.0,1.0610619213946215,-3.141592653589793,0.0,0.0
Time:,1.715,x:   ,0.7853981633974483,0.0,0.0,0.0,0.0,0.0,35.40387531290953,0.0,35.40387531290953,0.2927610086378161,1.1737800282153557,0.572613000152374,0.0,0.0,0.0,4.0,0.0,1.0610619213946215,-3.141592653589793,0.0,0.0
Time:,1.72,x:   ,0.7853981633974483,0.0,0.0,0.0,0.0,0.0,35.40387531290953,0.0,35.40387531290953,0.2921722590655898,1.1753651928887014,0.5735115094722283,0.0,0.0,0.0,4.0,0.0,1.0610619213946215,-3.141592653589793,0.0,0.0
Time:,1.725,x:   ,0.7853981633974483,0.0,0.0,0.0,0.0,0.0,35.40387531290953,0.0,35.40387531290953,0.2915775627911577,1.1769526638147536,0.5744120469517406,0.0,0.0,0.0,4.0,0.0,1.0610619213946215,-3.141592653589793,0.0,0.0
Time:,1.73,x:   ,0.7853981633974483,0.0,0.0,0.0,0.0,0.0,35.40387531290953,0.0,35.40387531290953,0.2909769333792526,1.1785423820260232,0.5753145819289404,0.0,0.0,0.0,4.0,0.0,1.0610619213946215,-3.141592653589793,0.0,0.0
Time:,1.735,x:   ,0.7853981633974483,0.0,0.0,0.0,0.0,0.0,35.40387531290953,0.0,35.40387531290953,0.2903703844206028,1.1801342885016881,0.5762190838376087,0.0,0.0,0.0,4.0,0.0,1.0610619213946215,-3.141592653589793,0.0,0.0
Time:,1.74,x:   ,0.7853981633974483,0.0,0.0,0.0,0.0,0.0,35.40387531290953,0.0,35.40387531290953,0.28975792951565077,1.1817283242264023,0.5771255220936083,0.0,0.0,0.0,4.0,0.0,1.0610619213946215,-3.141592653589793,0.0,0.0
Time:,1.745,x:   ,0.7853981633974483,0.0,0.0,0.0,0.0,0.0,35.40387531290953,0.0,35.40387531290953,0.28913958226969605,1.1833244302098034,0.5780338660580372,0.0,0.0,0.0,4.0,0.0,1.0610619213946215,-3.141592653589793,0.0,0.0
Time:,1.75,x:   ,0.7853981633974483,0.0,0.0,0.0,0.0,0.0,35.40387531290953,0.0,35.40387531290953,0.288515356311607,1.1849225474258387,0.5789440851571882,0.0,0.0,0.0,4.0,0.0,1.0610619213946215,-3.141592653589793,0.0,0.0
Time:,1.7550000000000001,x:   ,0.7853981633974483,0.0,0.0,0.0,0.0,0.0,35.40387531290953,0.0,35.40387531290953,0.2878852652852379,1.1865226168453704,0.5798561488199695,0.0,0.0,0.0,4.0,0.0,1.0610619213946215,-3.141592653589793,0.0,0.0
Time:,1.76,x:   ,0.7853981633974483,0.0,0.0,0.0,0.0,0.0,35.40387531290953,0.0,35.40387531290953,0.2872493228535611,1.1881245794254913,0.5807700264999508,0.0,0.0,0.0,4.0,0.0,1.0610619213946215,-3.141592653589793,0.0,0.0
Time:,1.7650000000000001,x:   ,0.7853981633974483,0.0,0.0,0.0,0.0,0.0,35.40387531290953,0.0,35.40387531290953,0.2866075426894812,1.1897283761441833,0.5816856876086189,0.0,0.0,0.0,4.0,0.0,1.0610619213946215,-3.141592653589793,0.0,0.0
Time:,1.77,x:   ,0.7853981633974483,0.0,0.0,0.0,0.0,0.0,35.40387531290953,0.0,35.40387531290953,0.2859599385075235,1.191333947896443,0.5826031017198432,0.0,0.0,0.0,4.0,0.0,1.0610619213946215,-3.141592653589793,0.0,0.0
Time:,1.7750000000000001,x:   ,0.7853981633974483,0.0,0.0,0.0,0.0,0.0,35.40387531290953,0.0,35.40387531290953,0.2853065240205648,1.1929412356447062,0.5835222382762646,0.0,0.0,0.0,4.0,0.0,1.0610619213946215,-3.141592653589793,0.0,0.0
Time:,1.78,x:   ,0.7853981633974483,0.0,0.0,0.0,0.0,0.0,35.40387531290953,0.0,35.40387531290953,0.2846473129686006,1.1945501803249956,0.5844430667740658,0.0,0.0,0.0,4.0,0.0,1.0610619213946215,-3.141592653589793,0.0,0.0
Time:,1.7850000000000001,x:   ,0.7853981633974483,0.0,0.0,0.0,0.0,0.0,35.40387531290953,0.0,35.40387531290953,0.2839823191133877,1.1961607228689943,0.585365556720624,0.0,0.0,0.0,4.0,0.0,1.0610619213946215,-3.141592653589793,0.0,0.0
Time:,1.79,x:   ,0.7853981633974483,0.0,0.0,0.0,0.0,0.0,35.40387531290953,0.0,35.40387531290953,0.2833115562546031,1.197772804153604,0.5862896777342458,0.0,0.0,0.0,4.0,0.0,1.0610619213946215,-3.141592653589793,0.0,0.0
Time:,1.795,x:   ,0.7853981633974483,0.0,0.0,0.0,0.0,0.0,35.40387531290953,0.0,35.40387531290953,0.282635038188401,1.1993863651445988,0.5872153992633968,0.0,0.0,0.0,4.0,0.0,1.0610619213946215,-3.141592653589793,0.0,0.0
Time:,1.8,x:   ,0.7853981633974483,0.0,0.0,0.0,0.0,0.0,35.40387531290953,0.0,35.40387531290953,0.28195277876637936,1.201001346702232,0.588142690968546,0.0,0.0,0.0,4.0,0.0,1.0610619213946215,-3.141592653589793,0.0,0.0
Time:,1.805,x:   ,0.7853981633974483,0.0,0.0,0.0,0.0,0.0,35.40387531290953,0.0,35.40387531290953,0.28126479184195535,1.2026176897658907,0.5890715223608439,0.0,0.0,0.0,4.0,0.0,1.0610619213946215,-3.141592653589793,0.0,0.0
Time:,1.81,x:   ,0.7853981633974483,0.0,0.0,0.0,0.0,0.0,35.40387531290953,0.0,35.40387531290953,0.28057109131177616,1.2042353352192379,0.5900018630672644,0.0,0.0,0.0,4.0,0.0,1.0610619213946215,-3.141592653589793,0.0,0.0
Time:,1.815,x:   ,0.7853981633974483,0.0,0.0,0.0,0.0,0.0,35.40387531290953,0.0,35.40387531290953,0.2798716910880529,1.2058542239874792,0.5909336826404469,0.0,0.0,0.0,4.0,0.0,1.0610619213946215,-3.141592653589793,0.0,0.0
Time:,1.82,x:   ,0.7853981633974483,0.0,0.0,0.0,0.0,0.0,35.40387531290953,0.0,35.40387531290953,0.27916660512936486,1.207474296938728,0.5918669507528354,0.0,0.0,0.0,4.0,0.0,1.0610619213946215,-3.141592653589793,0.0,0.0
Time:,1.825,x:   ,0.7853981633974483,0.0,0.0,0.0,0.0,0.0,35.40387531290953,0.0,35.40387531290953,0.27845584741418894,1.2090954949772519,0.5928016370142796,0.0,0.0,0.0,4.0,0.0,1.0610619213946215,-3.141592653589793,0.0,0.0
Time:,1.83,x:   ,0.7853981633974483,0.0,0.0,0.0,0.0,0.0,35.40387531290953,0.0,35.40387531290953,0.27773943195834283,1.2107177589897968,0.5937377110779104,0.0,0.0,0.0,4.0,0.0,1.0610619213946215,-3.141592653589793,0.0,0.0
Time:,1.835,x:   ,0.7853981633974483,0.0,0.0,0.0,0.0,0.0,35.40387531290953,0.0,35.40387531290953,0.27701737281880573,1.2123410298378323,0.5946751426558716,0.0,0.0,0.0,4.0,0.0,1.0610619213946215,-3.141592653589793,0.0,0.0
Time:,1.84,x:   ,0.7853981633974483,0.0,0.0,0.0,0.0,0.0,35.40387531290953,0.0,35.40387531290953,0.2762896840794872,1.2139652484097994,0.5956139014172284,0.0,0.0,0.0,4.0,0.0,1.0610619213946215,-3.141592653589793,0.0,0.0
Time:,1.845,x:   ,0.7853981633974483,0.0,0.0,0.0,0.0,0.0,35.40387531290953,0.0,35.40387531290953,0.27555637986000714,1.215590355596799,0.5965539570361216,0.0,0.0,0.0,4.0,0.0,1.0610619213946215,-3.141592653589793,0.0,0.0
Time:,1.85,x:   ,0.7853981633974483,0.0,0.0,0.0,0.0,0.0,35.40387531290953,0.0,35.40387531290953,0.27481747432280906,1.2172162922740812,0.5974952792285342,0.0,0.0,0.0,4.0,0.0,1.0610619213946215,-3.141592653589793,0.0,0.0
Time:,1.855,x:   ,0.7853981633974483,0.0,0.0,0.0,0.0,0.0,35.40387531290953,0.0,35.40387531290953,0.2740729816687902,1.218842999320756,0.598437837713944,0.0,0.0,0.0,4.0,0.0,1.0610619213946215,-3.141592653589793,0.0,0.0
Time:,1.86,x:   ,0.7853981633974483,0.0,0.0,0.0,0.0,0.0,35.40387531290953,0.0,35.40387531290953,0.2733229161412704,1.2204704176119068,0.5993816022312051,0.0,0.0,0.0,4.0,0.0,1.0610619213946215,-3.141592653589793,0.0,0.0
Time:,1.865,x:   ,0.7853981633974483,0.0,0.0,0.0,0.0,0.0,35.40387531290953,0.0,35.40387531290953,0.2725672920298765,1.2220984880111445,0.6003265425535029,0.0,0.0,0.0,4.0,0.0,1.0610619213946215,-3.141592653589793,0.0,0.0
Time:,1.87,x:   ,0.7853981633974483,0.0,0.0,0.0,0.0,0.0,35.40387531290953,0.0,35.40387531290953,0.27180612365951556,1.223727151412422,0.6012726284064726,0.0,0.0,0.0,4.0,0.0,1.0610619213946215,-3.141592653589793,0.0,0.0
Time:,1.875,x:   ,0.7853981633974483,0.0,0.0,0.0,0.0,0.0,35.40387531290953,0.0,35.40387531290953,0.2710394254165448,1.225356348659309,0.6022198296271725,0.0,0.0,0.0,4.0,0.0,1.0610619213946215,-3.141592653589793,0.0,0.0
Time:,1.8800000000000001,x:   ,0.7853981633974483,0.0,0.0,0.0,0.0,0.0,35.40387531290953,0.0,35.40387531290953,0.27026721172242324,1.2269860206374603,0.6031681159825746,0.0,0.0,0.0,4.0,0.0,1.0610619213946215,-3.141592653589793,0.0,0.0
Time:,1.885,x:   ,0.7853981633974483,0.0,0.0,0.0,0.0,0.0,35.40387531290953,0.0,35.40387531290953,0.26948949704528885,1.2286161082420421,0.6041174572338028,0.0,0.0,0.0,4.0,0.0,1.0610619213946215,-3.141592653589793,0.0,0.0
Time:,1.8900000000000001,x:   ,0.7853981633974483,0.0,0.0,0.0,0.0,0.0,35.40387531290953,0.0,35.40387531290953,0.2687062959223215,1.230246552310303,0.6050678232690395,0.0,0.0,0.0,4.0,0.0,1.0610619213946215,-3.141592653589793,0.0,0.0
Time:,1.895,x:   ,0.7853981633974483,0.0,0.0,0.0,0.0,0.0,35.40387531290953,0.0,35.40387531290953,0.2679176229294979,1.2318772937266897,0.6060191838969382,0.0,0.0,0.0,4.0,0.0,1.0610619213946215,-3.141592653589793,0.0,0.0
Time:,1.9000000000000001,x:   ,0.7853981633974483,0.0,0.0,0.0,0.0,0.0,35.40387531290953,0.0,35.40387531290953,0.26712349269643,1.2335082733800729,0.6069715089309763,0.0,0.0,0.0,4.0,0.0,1.0610619213946215,-3.141592653589793,0.0,0.0
Time:,1.905,x:   ,0.7853981633974483,0.0,0.0,0.0,0.0,0.0,35.40387531290953,0.0,35.40387531290953,0.26632391992057936,1.2351394321234421,0.6079247682689443,0.0,0.0,0.0,4.0,0.0,1.0610619213946215,-3.141592653589793,0.0,0.0
Time:,1.9100000000000001,x:   ,0.7853981633974483,0.0,0.0,0.0,0.0,0.0,35.40387531290953,0.0,35.40387531290953,0.2655189193472938,1.2367707108452841,0.60887893175265,0.0,0.0,0.0,4.0,0.0,1.0610619213946215,-3.141592653589793,0.0,0.0
Time:,1.915,x:   ,0.7853981633974483,0.0,0.0,0.0,0.0,0.0,35.40387531290953,0.0,35.40387531290953,0.2647085057855137,1.2384020504245392,0.6098339692567196,0.0,0.0,0.0,4.0,0.0,1.0610619213946215,-3.141592653589793,0.0,0.0
Time:,1.92,x:   ,0.7853981633974483,0.0,0.0,0.0,0.0,0.0,35.40387531290953,0.0,35.40387531290953,0.263892694104592,1.2400333917472948,0.610789850655898,0.0,0.0,0.0,4.0,0.0,1.0610619213946215,-3.141592653589793,0.0,0.0
Time:,1.925,x:   ,0.7853981633974483,0.0,0.0,0.0,0.0,0.0,35.40387531290953,0.0,35.40387531290953,0.2630714992527158,1.2416646756535041,0.6117465459301319,0.0,0.0,0.0,4.0,0.0,1.0610619213946215,-3.141592653589793,0.0,0.0
Time:,1.93,x:   ,0.7853981633974483,0.0,0.0,0.0,0.0,0.0,35.40387531290953,0.0,35.40387531290953,0.2622449362289188,1.2432958430343308,0.6127040249729874,0.0,0.0,0.0,4.0,0.0,1.0610619213946215,-3.141592653589793,0.0,0.0
Time:,1.935,x:   ,0.7853981633974483,0.0,0.0,0.0,0.0,0.0,35.40387531290953,0.0,35.40387531290953,0.2614130200916959,1.2449268348105411,0.6136622576342698,0.0,0.0,0.0,4.0,0.0,1.0610619213946215,-3.141592653589793,0.0,0.0
Time:,1.94,x:   ,0.7853981633974483,0.0,0.0,0.0,0.0,0.0,35.40387531290953,0.0,35.40387531290953,0.2605757659910142,1.246557591835745,0.6146212139108463,0.0,0.0,0.0,4.0,0.0,1.0610619213946215,-3.141592653589793,0.0,0.0
Time:,1.945,x:   ,0.7853981633974483,0.0,0.0,0.0,0.0,0.0,35.40387531290953,0.0,35.40387531290953,0.25973318914078114,1.2481880549922884,0.6155808637578256,0.0,0.0,0.0,4.0,0.0,1.0610619213946215,-3.141592653589793,0.0,0.0
Time:,1.95,x:   ,0.7853981633974483,0.0,0.0,0.0,0.0,0.0,35.40387531290953,0.0,35.40387531290953,0.25888530481840966,1.2498181651993072,0.6165411770727391,0.0,0.0,0.0,4.0,0.0,1.0610619213946215,-3.141592653589793,0.0,0.0
Time:,1.955,x:   ,0.7853981633974483,0.0,0.0,0.0,0.0,0.0,35.40387531290953,0.0,35.40387531290953,0.2580321283931918,1.2514478633282935,0.6175021238621684,0.0,0.0,0.0,4.0,0.0,1.0610619213946215,-3.141592653589793,0.0,0.0
Time:,1.96,x:   ,0.7853981633974483,0.0,0.0,0.0,0.0,0.0,35.40387531290953,0.0,35.40387531290953,0.2571736753089214,1.2530770902661594,0.6184636741175119,0.0,0.0,0.0,4.0,0.0,1.0610619213946215,-3.141592653589793,0.0,0.0
Time:,1.965,x:   ,0.7853981633974483,0.0,0.0,0.0,0.0,0.0,35.40387531290953,0.0,35.40387531290953,0.25630996109229626,1.254705786895352,0.6194257978543675,0.0,0.0,0.0,4.0,0.0,1.0610619213946215,-3.141592653589793,0.0,0.0
Time:,1.97,x:   ,0.7853981633974483,0.0,0.0,0.0,0.0,0.0,35.40387531290953,0.0,35.40387531290953,0.25544100134002395,1.2563338941422582,0.6203884650171181,0.0,0.0,0.0,4.0,0.0,1.0610619213946215,-3.141592653589793,0.0,0.0
Time:,1.975,x:   ,0.7853981633974483,0.0,0.0,0.0,0.0,0.0,35.40387531290953,0.0,35.40387531290953,0.2545668117504723,1.2579613528831792,0.6213516456646176,0.0,0.0,0.0,4.0,0.0,1.0610619213946215,-3.141592653589793,0.0,0.0
Time:,1.98,x:   ,0.7853981633974483,0.0,0.0,0.0,0.0,0.0,35.40387531290953,0.0,35.40387531290953,0.2536874080733299,1.2595881041124442,0.6223153096384917,0.0,0.0,0.0,4.0,0.0,1.0610619213946215,-3.141592653589793,0.0,0.0
Time:,1.985,x:   ,0.7853981633974483,0.0,0.0,0.0,0.0,0.0,35.40387531290953,0.0,35.40387531290953,0.2528028061944065,1.2612140886791456,0.6232794270830142,0.0,0.0,0.0,4.0,0.0,1.0610619213946215,-3.141592653589793,0.0,0.0
Time:,1.99,x:   ,0.7853981633974483,0.0,0.0,0.0,0.0,0.0,35.40387531290953,0.0,35.40387531290953,0.25191302207500194,1.262839247488389,0.6242439680480028,0.0,0.0,0.0,4.0,0.0,1.0610619213946215,-3.141592653589793,0.0,0.0
Time:,1.995,x:   ,0.7853981633974483,0.0,0.0,0.0,0.0,0.0,35.40387531290953,0.0,35.40387531290953,0.2510180717573725,1.2644635214911302,0.6252089025089888,0.0,0.0,0.0,4.0,0.0,1.0610619213946215,-3.141592653589793,0.0,0.0
