Grav Comp,1.0,dT,0.005,Substep Number,1
Control,1,Kp,"[[50.  0.  0.]
 [ 0. 50.  0.]
 [ 0.  0. 50.]]",Kd,"[[1. 0. 0.]
 [0. 1. 0.]
 [0. 0. 1.]]",alpha,0.1
Time,State History
Time:,0.0,x:   ,0.0,0.0,0.0,0.0,0.0,0.0,42.280592491422006,0.0,42.280592491422006,0.0,0.0,0.0
Time:,0.005,x:   ,-5.9290373165968364e-08,4.932117087013968e-07,-2.562811648594471e-06,-5.705148308588952e-06,-9.845690092014838e-06,-4.703682547067358e-05,42.28059248967889,1.1709746404848008e-09,42.280592488507914,0.0015008745824835717,-0.00032088301889548424,0.1437593442080187
Time:,0.01,x:   ,1.8087526819532178e-07,-2.5500663634098187e-06,1.334108267007873e-05,-1.661066913902965e-05,6.059430652235716e-05,0.00031267609501045877,42.28059255706123,5.0856962351580564e-08,42.28059250620427,0.0014899241117741367,-0.0002545655354185049,0.26916573474419103
Time:,0.015,x:   ,3.11979785076812e-08,-8.979863137445926e-06,6.119462573428661e-05,-4.398271673227593e-05,0.0002563587517385833,0.0007709379239642668,42.28059289113965,3.3099978578522495e-07,42.280592560139866,0.0014785270836994773,-0.00012219166939013044,0.3940814939369552
Time:,0.02,x:   ,-1.4758686763354687e-06,-1.639415118106004e-05,0.00014431041724321316,-8.401162297571347e-05,0.0005742035764124849,0.0012821529439240727,42.28059364216252,9.90341935786534e-07,42.280592651820584,0.0014893579798591918,1.5200941305883646e-05,0.5184469947458978
Time:,0.025,x:   ,-5.255619048134117e-06,-2.2244003858327346e-05,0.00026416613570382576,-0.00013205746318516233,0.0010039999898612216,0.0018307866722606075,42.28059496539429,2.1886174962756512e-06,42.2805927767768,0.0015444374991566748,9.39774189997057e-05,0.6422269715130542
Time:,0.03,x:   ,-1.2123016722714143e-05,-2.4155501036666744e-05,0.0004216595104690248,-0.0001836732166458052,0.0015347621034687313,0.0024099268889499472,42.28059702349579,4.098489087420376e-06,42.2805929250067,0.001663560688447196,5.515741007928214e-05,0.7653926075984531
Time:,0.035,x:   ,-2.2789239712701554e-05,-1.999400699128544e-05,0.0006174623258031771,-0.0002348387515865258,0.0021561891079383425,0.0030153288990766624,42.2805999785746,6.89825453902277e-06,42.28059308032006,0.0018640967947812746,-0.00015419535678317292,0.8879166408450606
Time:,0.04,x:   ,-3.786940372943295e-05,-7.860200386305278e-06,0.0008521248824866133,-0.0002819826282547331,0.0028589836273273635,0.003643738669417228,42.280603984408295,1.0765066537484904e-05,42.28059321934176,0.002161140600227929,-0.0005811303262043193,1.009772056759965
Time:,0.045,x:   ,-5.7892365052319733e-05,1.393020865493607e-05,0.0011261108061844155,-0.00032195031083272793,0.0036348447822391497,0.004292400499736525,42.28060918066427,1.5870225321877413e-05,42.28059331043895,0.0025677368120175397,-0.0012673314453833862,1.1309317673992272
Time:,0.05,x:   ,-8.331020874418959e-05,4.686903407539591e-05,0.001439811941155681,-0.00035196198032737524,0.004476382498706941,0.004958895050334027,42.2806156889333,2.2376258815276543e-05,42.28059331267449,0.0030951034466237064,-0.0022496834433126177,1.2513685583522756
Time:,0.055,x:   ,-0.00011450686468394976,9.2276826148942e-05,0.0017935571371810997,-0.00036957135888838815,0.005377019824062864,0.005641071582819411,42.2806236101389,3.043530689008417e-05,42.28059317483201,0.0037528362258917626,-0.0035608014361839585,1.3710551062358338
Time:,0.06,x:   ,-0.0001518057888105415,0.00015132197156779423,0.0021876188117563146,-0.0003726282438672471,0.00633090054381222,0.006337008888245477,42.280633022951626,4.018841757673581e-05,42.28059283453405,0.004549091195054956,-0.005229507033107105,1.4899640125712665
Time:,0.065,x:   ,-0.0001954767729664511,0.00022503767156433497,0.0026222184219039948,-0.0003592450978291989,0.007332805872501257,0.0070449865061191835,42.28064398292962,5.176546693775231e-05,42.28059221746268,0.005490746712880612,-0.007281251337428776,1.6080678394658043
Time:,0.07,x:   ,-0.0002457419721345453,0.0003143369742836898,0.003097531214308093,-0.0003277674378465319,0.008378080376022091,0.007763460881224674,42.28065652217864,6.528549356735238e-05,42.28059123668507,0.006583546828702513,-0.009738489406536228,1.7253391433902343
Time:,0.075,x:   ,-0.0003027812365941734,0.0004200260681831812,0.0036136904046956547,-0.00027674764190415834,0.009462566387565314,0.00849104473705577,42.280670649378195,8.085729631153144e-05,42.280589792081884,0.007832228102629837,-0.012621011366039096,1.8417505063088502
Time:,0.08,x:   ,-0.0003667368288546217,0.0005428160333060603,0.004170790871570683,-0.00020492179175409696,0.010582546023052657,0.00922648897531804,42.28068635006001,9.858018604121433e-05,42.28058776987397,0.009240631762531504,-0.015946235091851373,1.9572745642022278
Time:,0.085,x:   ,-0.0004377175966395495,0.0006833332283061502,0.004768892426185902,-0.00011118920391427611,0.01173468993888545,0.009968666720435181,42.280703587054575,0.00011854481359197921,42.280585042240986,0.010811802892578224,-0.01972946489181081,2.0718840332108113
Time:,0.09,x:   ,-0.0005158026651095833,0.0008421284715181398,0.005408022709764017,5.405662328578003e-06,0.012916012055911015,0.010716559235521745,42.280722301044285,0.00014083401924903515,42.28058146702504,0.012548078157219733,-0.023984120128456098,2.1855517336532264
Time:,0.095,x:   ,-0.0006010447042249593,0.001019685156283198,0.006088179762031319,0.00014568919584008634,0.01412382955850941,0.011469243485509529,42.28074241117798,0.0001655236664347557,42.28057688751155,0.01445116339155199,-0.02872193727378773,2.298250612157611
