State History,"[[ 0.00000000e+00  7.09320447e-20  2.30222047e-19  4.44002087e-19
   7.01725926e-19  9.97584377e-19  1.31993164e-18  1.66738165e-18
   2.04099004e-18  2.43716181e-18  2.85293811e-18  3.28549642e-18
   3.73258387e-18  4.19221689e-18  4.66282287e-18  5.11982765e-18
   5.54295380e-18  5.93445810e-18  6.29236176e-18  6.63106969e-18
   6.96649822e-18  7.30280346e-18  7.64008365e-18  7.97801653e-18
   8.31584751e-18  8.64829066e-18  8.97705406e-18  9.31424712e-18
   9.69509208e-18  1.01171548e-17  1.05748078e-17  1.10648582e-17
   1.15787082e-17  1.21059012e-17  1.26361205e-17  1.31649192e-17
   1.36761736e-17  1.41682983e-17  1.46430958e-17  1.51021857e-17
   1.55576642e-17  1.60371896e-17  1.65188348e-17  1.69981630e-17
   1.74757072e-17  1.79517066e-17  1.84365073e-17  1.89122833e-17
   1.93880022e-17  1.98664925e-17]
 [ 2.61799388e-01  2.61799388e-01  2.61799388e-01  2.61799388e-01
   2.61799388e-01  2.61799388e-01  2.61799388e-01  2.61799388e-01
   2.61799388e-01  2.61799388e-01  2.61799388e-01  2.61799388e-01
   2.61799388e-01  2.61799388e-01  2.61799388e-01  2.61799388e-01
   2.61799388e-01  2.61799388e-01  2.61799388e-01  2.61799388e-01
   2.61799388e-01  2.61799388e-01  2.61799388e-01  2.61799388e-01
   2.61799388e-01  2.61799388e-01  2.61799388e-01  2.61799388e-01
   2.61799388e-01  2.61799388e-01  2.61799388e-01  2.61799388e-01
   2.61799388e-01  2.61799388e-01  2.61799388e-01  2.61799388e-01
   2.61799388e-01  2.61799388e-01  2.61799388e-01  2.61799388e-01
   2.61799388e-01  2.61799388e-01  2.61799388e-01  2.61799388e-01
   2.61799388e-01  2.61799388e-01  2.61799388e-01  2.61799388e-01
   2.61799388e-01  2.61799388e-01]
 [ 3.14159265e+00  3.14159265e+00  3.14159265e+00  3.14159265e+00
   3.14159265e+00  3.14159265e+00  3.14159265e+00  3.14159265e+00
   3.14159265e+00  3.14159265e+00  3.14159265e+00  3.14159265e+00
   3.14159265e+00  3.14159265e+00  3.14159265e+00  3.14159265e+00
   3.14159265e+00  3.14159265e+00  3.14159265e+00  3.14159265e+00
   3.14159265e+00  3.14159265e+00  3.14159265e+00  3.14159265e+00
   3.14159265e+00  3.14159265e+00  3.14159265e+00  3.14159265e+00
   3.14159265e+00  3.14159265e+00  3.14159265e+00  3.14159265e+00
   3.14159265e+00  3.14159265e+00  3.14159265e+00  3.14159265e+00
   3.14159265e+00  3.14159265e+00  3.14159265e+00  3.14159265e+00
   3.14159265e+00  3.14159265e+00  3.14159265e+00  3.14159265e+00
   3.14159265e+00  3.14159265e+00  3.14159265e+00  3.14159265e+00
   3.14159265e+00  3.14159265e+00]
 [ 4.01425728e+00  4.01425728e+00  4.01425728e+00  4.01425728e+00
   4.01425728e+00  4.01425728e+00  4.01425728e+00  4.01425728e+00
   4.01425728e+00  4.01425728e+00  4.01425728e+00  4.01425728e+00
   4.01425728e+00  4.01425728e+00  4.01425728e+00  4.01425728e+00
   4.01425728e+00  4.01425728e+00  4.01425728e+00  4.01425728e+00
   4.01425728e+00  4.01425728e+00  4.01425728e+00  4.01425728e+00
   4.01425728e+00  4.01425728e+00  4.01425728e+00  4.01425728e+00
   4.01425728e+00  4.01425728e+00  4.01425728e+00  4.01425728e+00
   4.01425728e+00  4.01425728e+00  4.01425728e+00  4.01425728e+00
   4.01425728e+00  4.01425728e+00  4.01425728e+00  4.01425728e+00
   4.01425728e+00  4.01425728e+00  4.01425728e+00  4.01425728e+00
   4.01425728e+00  4.01425728e+00  4.01425728e+00  4.01425728e+00
   4.01425728e+00  4.01425728e+00]
 [ 0.00000000e+00 -5.92092043e-20 -1.54581147e-19 -2.46007511e-19
  -3.29776002e-19 -4.11934825e-19 -4.82000350e-19 -5.44711883e-19
  -6.09017415e-19 -6.76377811e-19 -7.48196297e-19 -8.19436591e-19
  -8.89981574e-19 -9.60186260e-19 -1.03185324e-18 -1.07789267e-18
  -1.09763285e-18 -1.10039533e-18 -1.03391825e-18 -9.35841760e-19
  -8.37742424e-19 -7.37820501e-19 -6.35491692e-19 -5.33191434e-19
  -4.37316614e-19 -3.89195947e-19 -3.72845959e-19 -3.80800357e-19
  -4.19604890e-19 -4.71869149e-19 -5.44179412e-19 -6.85102059e-19
  -7.39689814e-19 -7.06818185e-19 -6.30572769e-19 -5.41301901e-19
  -5.51876949e-19 -6.39517615e-19 -7.62644509e-19 -9.01348231e-19
  -1.05074653e-18 -1.21955225e-18 -1.38661322e-18 -1.55136678e-18
  -1.71365598e-18 -1.87640812e-18 -2.04952870e-18 -2.20792812e-18
  -2.31717069e-18 -2.39234887e-18]
 [ 9.59931089e-01  9.59931089e-01  9.59931089e-01  9.59931089e-01
   9.59931089e-01  9.59931089e-01  9.59931089e-01  9.59931089e-01
   9.59931089e-01  9.59931089e-01  9.59931089e-01  9.59931089e-01
   9.59931089e-01  9.59931089e-01  9.59931089e-01  9.59931089e-01
   9.59931089e-01  9.59931089e-01  9.59931089e-01  9.59931089e-01
   9.59931089e-01  9.59931089e-01  9.59931089e-01  9.59931089e-01
   9.59931089e-01  9.59931089e-01  9.59931089e-01  9.59931089e-01
   9.59931089e-01  9.59931089e-01  9.59931089e-01  9.59931089e-01
   9.59931089e-01  9.59931089e-01  9.59931089e-01  9.59931089e-01
   9.59931089e-01  9.59931089e-01  9.59931089e-01  9.59931089e-01
   9.59931089e-01  9.59931089e-01  9.59931089e-01  9.59931089e-01
   9.59931089e-01  9.59931089e-01  9.59931089e-01  9.59931089e-01
   9.59931089e-01  9.59931089e-01]
 [ 1.57079633e+00  1.57079633e+00  1.57079633e+00  1.57079633e+00
   1.57079633e+00  1.57079633e+00  1.57079633e+00  1.57079633e+00
   1.57079633e+00  1.57079633e+00  1.57079633e+00  1.57079633e+00
   1.57079633e+00  1.57079633e+00  1.57079633e+00  1.57079633e+00
   1.57079633e+00  1.57079633e+00  1.57079633e+00  1.57079633e+00
   1.57079633e+00  1.57079633e+00  1.57079633e+00  1.57079633e+00
   1.57079633e+00  1.57079633e+00  1.57079633e+00  1.57079633e+00
   1.57079633e+00  1.57079633e+00  1.57079633e+00  1.57079633e+00
   1.57079633e+00  1.57079633e+00  1.57079633e+00  1.57079633e+00
   1.57079633e+00  1.57079633e+00  1.57079633e+00  1.57079633e+00
   1.57079633e+00  1.57079633e+00  1.57079633e+00  1.57079633e+00
   1.57079633e+00  1.57079633e+00  1.57079633e+00  1.57079633e+00
   1.57079633e+00  1.57079633e+00]
 [ 0.00000000e+00 -3.54660223e-20 -1.15111024e-19 -2.22001043e-19
  -3.50862963e-19 -4.98792188e-19 -6.59965821e-19 -8.33690827e-19
  -1.02049502e-18 -1.21858090e-18 -1.42646905e-18 -1.64274821e-18
  -1.86629194e-18 -2.09610845e-18 -2.33141144e-18 -2.55991382e-18
  -2.77147690e-18 -2.96722905e-18 -3.14618088e-18 -3.31553484e-18
  -3.48324911e-18 -3.65140173e-18 -3.82004183e-18 -3.98900827e-18
  -4.15792376e-18 -4.32414533e-18 -4.48852703e-18 -4.65712356e-18
  -4.84754604e-18 -5.05857740e-18 -5.28740389e-18 -5.53242909e-18
  -5.78935409e-18 -6.05295061e-18 -6.31806025e-18 -6.58245960e-18
  -6.83808680e-18 -7.08414915e-18 -7.32154792e-18 -7.55109286e-18
  -7.77883211e-18 -8.01859481e-18 -8.25941740e-18 -8.49908150e-18
  -8.73785359e-18 -8.97585330e-18 -9.21825367e-18 -9.45614165e-18
  -9.69400111e-18 -9.93324626e-18]
 [ 0.00000000e+00  1.77635684e-17  3.55271368e-17  5.32907052e-17
   7.10542736e-17  8.88178420e-17  1.06581410e-16  1.24344979e-16
   1.42108547e-16  1.59872116e-16  1.77635684e-16  1.95399252e-16
   2.13162821e-16  2.30926389e-16  2.48689958e-16  2.66453526e-16
   2.84217094e-16  3.01980663e-16  3.19744231e-16  3.37507799e-16
   3.55271368e-16  3.73034936e-16  3.90798505e-16  4.08562073e-16
   4.26325641e-16  4.44089210e-16  4.61852778e-16  4.79616347e-16
   4.97379915e-16  5.15143483e-16  5.32907052e-16  5.50670620e-16
   5.68434189e-16  5.86197757e-16  6.03961325e-16  6.21724894e-16
   6.39488462e-16  6.57252031e-16  6.75015599e-16  6.92779167e-16
   7.10542736e-16  7.28306304e-16  7.46069873e-16  7.63833441e-16
   7.81597009e-16  7.99360578e-16  8.17124146e-16  8.34887715e-16
   8.52651283e-16  8.70414851e-16]
 [ 0.00000000e+00  4.47173163e-20  1.83495194e-19  3.22273072e-19
   4.61050951e-19  5.99828829e-19  7.70988212e-19  9.09766090e-19
   1.04854397e-18  1.18732185e-18  1.32609972e-18  1.46487760e-18
   1.60365548e-18  1.74243336e-18  1.88121124e-18  2.15722502e-18
   2.43478077e-18  2.74317606e-18  3.02073181e-18  3.27824188e-18
   3.50182846e-18  3.72233109e-18  3.94283371e-18  4.16642030e-18
   4.39925874e-18  4.64597496e-18  4.88189736e-18  5.14403335e-18
   5.42158910e-18  5.69914486e-18  5.97670062e-18  6.25425637e-18
   6.53335410e-18  6.85562718e-18  7.19332001e-18  7.56339436e-18
   7.98435392e-18  8.40068755e-18  8.81702119e-18  9.23335482e-18
   9.55871185e-18  9.88252690e-18  1.02541432e-17  1.06226756e-17
   1.09912079e-17  1.13643662e-17  1.17005171e-17  1.20952631e-17
   1.24422078e-17  1.28014883e-17]
 [ 0.00000000e+00 -8.88178420e-18 -1.77635684e-17 -2.66453526e-17
  -3.55271368e-17 -4.44089210e-17 -5.32907052e-17 -6.21724894e-17
  -7.10542736e-17 -7.99360578e-17 -8.88178420e-17 -9.76996262e-17
  -1.06581410e-16 -1.15463195e-16 -1.24344979e-16 -1.33226763e-16
  -1.42108547e-16 -1.50990331e-16 -1.59872116e-16 -1.68753900e-16
  -1.77635684e-16 -1.86517468e-16 -1.95399252e-16 -2.04281037e-16
  -2.13162821e-16 -2.22044605e-16 -2.30926389e-16 -2.35762027e-16
  -2.37637071e-16 -2.39906860e-16 -2.41880590e-16 -2.43854319e-16
  -2.45926736e-16 -2.47999152e-16 -2.50170255e-16 -2.52143985e-16
  -2.54315088e-16 -2.56288817e-16 -2.58163861e-16 -2.60334963e-16
  -2.62407380e-16 -2.64381110e-16 -2.66354839e-16 -2.68624629e-16
  -2.70598359e-16 -2.72572088e-16 -2.74644505e-16 -2.76815607e-16
  -2.78789337e-16 -2.80763067e-16]
 [ 0.00000000e+00  2.35000821e-20  6.10616640e-20  9.73417792e-20
   1.29026082e-19  1.58339445e-19  1.89952974e-19  2.17749207e-19
   2.44198469e-19  2.69304526e-19  2.94147061e-19  3.22363423e-19
   3.50001543e-19  3.75869553e-19  4.01530510e-19  4.22289970e-19
   4.27598043e-19  4.46001622e-19  4.73211332e-19  4.82690572e-19
   4.92257150e-19  5.05325551e-19  5.16391942e-19  5.26380908e-19
   5.18995533e-19  5.00072441e-19  4.95374231e-19  5.00828371e-19
   5.25804172e-19  5.55387833e-19  5.59399381e-19  5.85701072e-19
   6.85742063e-19  7.44485492e-19  7.79661829e-19  7.77151600e-19
   7.17120681e-19  6.93988776e-19  6.86178002e-19  6.86350421e-19
   6.98543931e-19  7.19328237e-19  7.34994958e-19  7.51363399e-19
   7.66608487e-19  7.80304068e-19  7.98967404e-19  8.23514795e-19
   8.71660901e-19  8.99530920e-19]
 [ 0.00000000e+00 -7.52484494e-19 -2.17110280e-18 -4.29286236e-18
  -6.37761449e-18 -8.49937404e-18 -1.05841262e-17 -1.26688783e-17
  -1.47906379e-17 -1.68753900e-17 -1.89971495e-17 -2.10819017e-17
  -2.31913254e-17 -2.52637417e-17 -2.73855013e-17 -2.94579176e-17
  -3.15796771e-17 -3.36520935e-17 -3.57738530e-17 -3.78586051e-17
  -3.99680289e-17 -4.20527810e-17 -4.41745406e-17 -4.62592927e-17
  -4.83440448e-17 -5.04658044e-17 -5.25382207e-17 -5.42282268e-17
  -5.55728303e-17 -5.69297695e-17 -5.82743730e-17 -5.95943048e-17
  -6.09512441e-17 -6.23081833e-17 -6.36774584e-17 -6.49973902e-17
  -6.63543294e-17 -6.77112687e-17 -6.90312005e-17 -7.04004756e-17
  -7.17204074e-17 -7.30896825e-17 -7.44096143e-17 -7.57665535e-17
  -7.71234928e-17 -7.84434246e-17 -7.98003638e-17 -8.11573031e-17
  -8.25142424e-17 -8.38341742e-17]
 [ 0.00000000e+00  9.70963279e-21  1.23839981e-20  3.56582048e-21
  -5.73422482e-21 -1.56847914e-20 -2.47198095e-20 -3.46703761e-20
  -4.43800089e-20 -5.42823888e-20 -6.43775157e-20 -7.41112418e-20
  -8.33871938e-20 -9.30968265e-20 -1.03216047e-19 -1.12034224e-19
  -1.22153445e-19 -1.31333023e-19 -1.39789800e-19 -1.49499433e-19
  -1.60317361e-19 -1.69954714e-19 -1.80700362e-19 -1.91060516e-19
  -2.03107207e-19 -2.16430847e-19 -2.28477538e-19 -2.38090797e-19
  -2.43704555e-19 -2.48740072e-19 -2.56088553e-19 -2.61509564e-19
  -2.59220693e-19 -2.60834949e-19 -2.64424863e-19 -2.70400022e-19
  -2.82615366e-19 -2.91554011e-19 -2.98059224e-19 -3.04443970e-19
  -3.10684156e-19 -3.16249727e-19 -3.21237057e-19 -3.26658068e-19
  -3.31717678e-19 -3.36801382e-19 -3.42270579e-19 -3.46776042e-19
  -3.48992633e-19 -3.53257161e-19]]"
End Effector Pose,"[[4.56586128e-01 4.56586128e-01 4.56586128e-01 4.56586128e-01
  4.56586128e-01 4.56586128e-01 4.56586128e-01 4.56586128e-01
  4.56586128e-01 4.56586128e-01 4.56586128e-01 4.56586128e-01
  4.56586128e-01 4.56586128e-01 4.56586128e-01 4.56586128e-01
  4.56586128e-01 4.56586128e-01 4.56586128e-01 4.56586128e-01
  4.56586128e-01 4.56586128e-01 4.56586128e-01 4.56586128e-01
  4.56586128e-01 4.56586128e-01 4.56586128e-01 4.56586128e-01
  4.56586128e-01 4.56586128e-01 4.56586128e-01 4.56586128e-01
  4.56586128e-01 4.56586128e-01 4.56586128e-01 4.56586128e-01
  4.56586128e-01 4.56586128e-01 4.56586128e-01 4.56586128e-01
  4.56586128e-01 4.56586128e-01 4.56586128e-01 4.56586128e-01
  4.56586128e-01 4.56586128e-01 4.56586128e-01 4.56586128e-01
  4.56586128e-01 4.56586128e-01]
 [1.00000000e-03 1.00000000e-03 1.00000000e-03 1.00000000e-03
  1.00000000e-03 1.00000000e-03 1.00000000e-03 1.00000000e-03
  1.00000000e-03 1.00000000e-03 1.00000000e-03 1.00000000e-03
  1.00000000e-03 1.00000000e-03 1.00000000e-03 1.00000000e-03
  1.00000000e-03 1.00000000e-03 1.00000000e-03 1.00000000e-03
  1.00000000e-03 1.00000000e-03 1.00000000e-03 1.00000000e-03
  1.00000000e-03 1.00000000e-03 1.00000000e-03 1.00000000e-03
  1.00000000e-03 1.00000000e-03 1.00000000e-03 1.00000000e-03
  1.00000000e-03 1.00000000e-03 1.00000000e-03 1.00000000e-03
  1.00000000e-03 1.00000000e-03 1.00000000e-03 1.00000000e-03
  1.00000000e-03 1.00000000e-03 1.00000000e-03 1.00000000e-03
  1.00000000e-03 1.00000000e-03 1.00000000e-03 1.00000000e-03
  1.00000000e-03 1.00000000e-03]
 [4.33802100e-01 4.33802100e-01 4.33802100e-01 4.33802100e-01
  4.33802100e-01 4.33802100e-01 4.33802100e-01 4.33802100e-01
  4.33802100e-01 4.33802100e-01 4.33802100e-01 4.33802100e-01
  4.33802100e-01 4.33802100e-01 4.33802100e-01 4.33802100e-01
  4.33802100e-01 4.33802100e-01 4.33802100e-01 4.33802100e-01
  4.33802100e-01 4.33802100e-01 4.33802100e-01 4.33802100e-01
  4.33802100e-01 4.33802100e-01 4.33802100e-01 4.33802100e-01
  4.33802100e-01 4.33802100e-01 4.33802100e-01 4.33802100e-01
  4.33802100e-01 4.33802100e-01 4.33802100e-01 4.33802100e-01
  4.33802100e-01 4.33802100e-01 4.33802100e-01 4.33802100e-01
  4.33802100e-01 4.33802100e-01 4.33802100e-01 4.33802100e-01
  4.33802100e-01 4.33802100e-01 4.33802100e-01 4.33802100e-01
  4.33802100e-01 4.33802100e-01]
 [1.57079633e+00 1.57079633e+00 1.57079633e+00 1.57079633e+00
  1.57079633e+00 1.57079633e+00 1.57079633e+00 1.57079633e+00
  1.57079633e+00 1.57079633e+00 1.57079633e+00 1.57079633e+00
  1.57079633e+00 1.57079633e+00 1.57079633e+00 1.57079633e+00
  1.57079633e+00 1.57079633e+00 1.57079633e+00 1.57079633e+00
  1.57079633e+00 1.57079633e+00 1.57079633e+00 1.57079633e+00
  1.57079633e+00 1.57079633e+00 1.57079633e+00 1.57079633e+00
  1.57079633e+00 1.57079633e+00 1.57079633e+00 1.57079633e+00
  1.57079633e+00 1.57079633e+00 1.57079633e+00 1.57079633e+00
  1.57079633e+00 1.57079633e+00 1.57079633e+00 1.57079633e+00
  1.57079633e+00 1.57079633e+00 1.57079633e+00 1.57079633e+00
  1.57079633e+00 1.57079633e+00 1.57079633e+00 1.57079633e+00
  1.57079633e+00 1.57079633e+00]
 [4.16531940e-16 4.16477237e-16 4.16424797e-16 4.16376749e-16
  4.16329625e-16 4.16289437e-16 4.16253467e-16 4.16216583e-16
  4.16177947e-16 4.16136753e-16 4.16095892e-16 4.16055429e-16
  4.16015161e-16 4.15974054e-16 4.15947647e-16 4.15936325e-16
  4.15934740e-16 4.15972870e-16 4.16029124e-16 4.16085392e-16
  4.16142705e-16 4.16201398e-16 4.16260075e-16 4.16315067e-16
  4.16342667e-16 4.16352045e-16 4.16347483e-16 4.16325226e-16
  4.16295248e-16 4.16253773e-16 4.16172943e-16 4.16141632e-16
  4.16160487e-16 4.16204219e-16 4.16255423e-16 4.16249357e-16
  4.16199089e-16 4.16128466e-16 4.16048909e-16 4.15963218e-16
  4.15866395e-16 4.15770572e-16 4.15676074e-16 4.15582988e-16
  4.15489638e-16 4.15390340e-16 4.15299486e-16 4.15236827e-16
  4.15193706e-16 4.15153978e-16]
 [1.57079633e+00 1.57079633e+00 1.57079633e+00 1.57079633e+00
  1.57079633e+00 1.57079633e+00 1.57079633e+00 1.57079633e+00
  1.57079633e+00 1.57079633e+00 1.57079633e+00 1.57079633e+00
  1.57079633e+00 1.57079633e+00 1.57079633e+00 1.57079633e+00
  1.57079633e+00 1.57079633e+00 1.57079633e+00 1.57079633e+00
  1.57079633e+00 1.57079633e+00 1.57079633e+00 1.57079633e+00
  1.57079633e+00 1.57079633e+00 1.57079633e+00 1.57079633e+00
  1.57079633e+00 1.57079633e+00 1.57079633e+00 1.57079633e+00
  1.57079633e+00 1.57079633e+00 1.57079633e+00 1.57079633e+00
  1.57079633e+00 1.57079633e+00 1.57079633e+00 1.57079633e+00
  1.57079633e+00 1.57079633e+00 1.57079633e+00 1.57079633e+00
  1.57079633e+00 1.57079633e+00 1.57079633e+00 1.57079633e+00
  1.57079633e+00 1.57079633e+00]]"
