Time,State History
Time:,0.0,x:   ,0.0,0.261799387799149,3.141592653589793,4.014257279586958,0.0,0.959931088596881,1.570796326794897,0.0,0.0,0.0,0.0,0.0,0.0,0.0
Time:,0.01,x:   ,7.093204468804338e-20,0.261799387799149,3.141592653589793,4.014257279586958,-5.92092043396508e-20,0.959931088596881,1.570796326794897,-3.546602234401965e-20,1.7763568394002496e-17,4.471731626962435e-20,-8.881784197001248e-18,2.350008208862331e-20,-7.524844944681613e-19,9.709632789147962e-21
Time:,0.02,x:   ,2.302220473844084e-19,0.261799387799149,3.141592653589793,4.014257279586958,-1.54581146862939e-19,0.959931088596881,1.570796326794897,-1.151110236922003e-19,3.5527136788004985e-17,1.834951943477688e-19,-1.7763568394002493e-17,6.106166401984333e-20,-2.171102803711416e-18,1.2383998147945535e-20
Time:,0.03,x:   ,4.440020869764369e-19,0.261799387799149,3.141592653589793,4.014257279586958,-2.4600751079629712e-19,0.959931088596881,1.570796326794897,-2.2200104348821256e-19,5.3290705182007475e-17,3.222730724259133e-19,-2.6645352591003737e-17,9.734177921663953e-20,-4.2928623618839365e-18,3.565820478396764e-21
Time:,0.04,x:   ,7.017259258580394e-19,0.261799387799149,3.141592653589793,4.014257279586958,-3.2977600182389306e-19,0.959931088596881,1.570796326794897,-3.508629629290121e-19,7.105427357601004e-17,4.610509505040579e-19,-3.552713678800502e-17,1.2902608187117773e-19,-6.377614485902285e-18,-5.734224823367786e-21
Time:,0.05,x:   ,9.975843765929225e-19,0.261799387799149,3.141592653589793,4.014257279586958,-4.119348245734434e-19,0.959931088596881,1.570796326794897,-4.987921882964518e-19,8.881784197001263e-17,5.99828828582203e-19,-4.4408920985006313e-17,1.5833944519157928e-19,-8.499374044074811e-18,-1.568479142862364e-20
Time:,0.06,x:   ,1.3199316423711578e-18,0.261799387799149,3.141592653589793,4.014257279586958,-4.82000349600349e-19,0.959931088596881,1.570796326794897,-6.599658211855676e-19,1.0658141036401521e-16,7.709882115452484e-19,-5.3290705182007604e-17,1.8995297353763578e-19,-1.0584126168093167e-17,-2.471980953266951e-20
Time:,0.07,x:   ,1.6673816533123169e-18,0.261799387799149,3.141592653589793,4.014257279586958,-5.447118827605731e-19,0.959931088596881,1.570796326794897,-8.336908266561451e-19,1.2434497875801764e-16,9.097660896233932e-19,-6.217248937900882e-17,2.1774920673473293e-19,-1.2668878292111524e-17,-3.467037613792536e-20
Time:,0.08,x:   ,2.0409900423778186e-18,0.261799387799149,3.141592653589793,4.014257279586958,-6.090174154598021e-19,0.959931088596881,1.570796326794897,-1.0204950211888935e-18,1.4210854715202004e-16,1.048543967701537e-18,-7.105427357601002e-17,2.4419846931615195e-19,-1.4790637850284047e-17,-4.4380008927073314e-20
Time:,0.09,x:   ,2.437161808658679e-18,0.261799387799149,3.141592653589793,4.014257279586958,-6.763778109133892e-19,0.959931088596881,1.570796326794897,-1.2185809043293214e-18,1.5987211554602244e-16,1.1873218457796807e-18,-7.993605777301122e-17,2.6930452587276935e-19,-1.687538997430239e-17,-5.428238876910759e-20
Time:,0.1,x:   ,2.8529381094294597e-18,0.261799387799149,3.141592653589793,4.014257279586958,-7.481962969714019e-19,0.959931088596881,1.570796326794897,-1.4264690547147096e-18,1.7763568394002483e-16,1.3260997238578244e-18,-8.881784197001242e-17,2.9414706106801883e-19,-1.8997149532474906e-17,-6.43775156640282e-20
Time:,0.11,x:   ,3.285496419791167e-18,0.261799387799149,3.141592653589793,4.014257279586958,-8.194365913671507e-19,0.959931088596881,1.570796326794897,-1.6427482098955618e-18,1.9539925233402723e-16,1.4648776019359681e-18,-9.769962616701362e-17,3.223634226069541e-19,-2.108190165649325e-17,-7.411124183478695e-20
Time:,0.12,x:   ,3.732583872363896e-18,0.261799387799149,3.141592653589793,4.014257279586958,-8.899815740147175e-19,0.959931088596881,1.570796326794897,-1.8662919361819246e-18,2.1316282072802963e-16,1.6036554800141118e-18,-1.0658141036401481e-16,3.5000154298723034e-19,-2.3191325403281043e-17,-8.338719375494073e-20
Time:,0.13,x:   ,4.192216894613519e-18,0.261799387799149,3.141592653589793,4.014257279586958,-9.601862604737857e-19,0.959931088596881,1.570796326794897,-2.096108447306734e-18,2.309263891220322e-16,1.7424333580922558e-18,-1.154631945610161e-16,3.7586955273728897e-19,-2.5263741715914665e-17,-9.309682654408871e-20
Time:,0.14,x:   ,4.662822870643201e-18,0.261799387799149,3.141592653589793,4.014257279586958,-1.0318532428517353e-18,0.959931088596881,1.570796326794897,-2.3314114353215732e-18,2.48689957516035e-16,1.8812112361704024e-18,-1.243449787580175e-16,4.0153050998912997e-19,-2.738550127408718e-17,-1.0321604682062009e-19
Time:,0.15,x:   ,5.1198276464275384e-18,0.261799387799149,3.141592653589793,4.014257279586958,-1.0778926691371401e-18,0.959931088596881,1.570796326794897,-2.559913823213741e-18,2.6645352591003776e-16,2.1572250159035996e-18,-1.3322676295501888e-16,4.22289969919526e-19,-2.9457917586720824e-17,-1.1203422449016885e-19
Time:,0.16,x:   ,5.542953799894711e-18,0.261799387799149,3.141592653589793,4.014257279586958,-1.0976328537523408e-18,0.959931088596881,1.570796326794897,-2.7714768999473257e-18,2.842170943040405e-16,2.434780772059887e-18,-1.4210854715202026e-16,4.2759804305565304e-19,-3.157967714489337e-17,-1.2215344476670024e-19
Time:,0.17,x:   ,5.934458097080458e-18,0.261799387799149,3.141592653589793,4.014257279586958,-1.1003953346357253e-18,0.959931088596881,1.570796326794897,-2.9672290485401977e-18,3.019806626980433e-16,2.743176056677985e-18,-1.5099033134902165e-16,4.460016220154191e-19,-3.365209345752702e-17,-1.3133302316041092e-19
Time:,0.18,x:   ,6.292361758686177e-18,0.261799387799149,3.141592653589793,4.014257279586958,-1.0339182486639588e-18,0.959931088596881,1.570796326794897,-3.146180879343054e-18,3.1974423109204606e-16,3.0207318128342725e-18,-1.5987211554602303e-16,4.732113319539284e-19,-3.577385301569957e-17,-1.3978980010579786e-19
Time:,0.19,x:   ,6.631069689537897e-18,0.261799387799149,3.141592653589793,4.014257279586958,-9.35841759806861e-19,0.959931088596881,1.570796326794897,-3.315534844768911e-18,3.3750779948604882e-16,3.2782418754903843e-18,-1.6875389974302441e-16,4.826905717814231e-19,-3.7858605139717946e-17,-1.4949943289494583e-19
Time:,0.2,x:   ,6.966498221156348e-18,0.261799387799149,3.141592653589793,4.014257279586958,-8.377424243986907e-19,0.959931088596881,1.570796326794897,-3.483249110578135e-18,3.552713678800516e-16,3.501828456838507e-18,-1.776356839400258e-16,4.922571501172569e-19,-3.996802888650577e-17,-1.603173612381901e-19
Time:,0.21,x:   ,7.302803461564302e-18,0.261799387799149,3.141592653589793,4.014257279586958,-7.378205007009136e-19,0.959931088596881,1.570796326794897,-3.651401730782111e-18,3.7303493627405436e-16,3.722331085340449e-18,-1.8651746813702718e-16,5.053255508865839e-19,-4.2052781010524144e-17,-1.6995471388250571e-19
Time:,0.22,x:   ,7.64008365431254e-18,0.261799387799149,3.141592653589793,4.014257279586958,-6.354916920044314e-19,0.959931088596881,1.570796326794897,-3.820041827156229e-18,3.9079850466805713e-16,3.9428337138423906e-18,-1.9539925233402856e-16,5.163919422276896e-19,-4.417454056869669e-17,-1.807003620809176e-19
Time:,0.23,x:   ,7.978016532475682e-18,0.261799387799149,3.141592653589793,4.014257279586958,-5.3319143363487115e-19,0.959931088596881,1.570796326794897,-3.9890082662377984e-18,4.085620730620599e-16,4.1664202951905134e-18,-2.0428103653102995e-16,5.263809076598876e-19,-4.625929269271507e-17,-1.9106051617355688e-19
Time:,0.24,x:   ,8.315847514168123e-18,0.261799387799149,3.141592653589793,4.014257279586958,-4.373166143189518e-19,0.959931088596881,1.570796326794897,-4.157923757084017e-18,4.2632564145606266e-16,4.39925873507718e-18,-2.1316282072803133e-16,5.189955332780053e-19,-4.834404481673344e-17,-2.0310720697895138e-19
Time:,0.25,x:   ,8.648290663744771e-18,0.261799387799149,3.141592653589793,4.014257279586958,-3.8919594734595657e-19,0.959931088596881,1.570796326794897,-4.324145331872339e-18,4.440892098500654e-16,4.645974962771661e-18,-2.220446049250327e-16,5.000724407772565e-19,-5.046580437490599e-17,-2.164308470097177e-19
Time:,0.26,x:   ,8.977054063156833e-18,0.261799387799149,3.141592653589793,4.014257279586958,-3.728459585854405e-19,0.959931088596881,1.570796326794897,-4.488527031578369e-18,4.618527782440674e-16,4.881897355504509e-18,-2.309263891220337e-16,4.953742313631528e-19,-5.253822068753964e-17,-2.2847753781511223e-19
Time:,0.27,x:   ,9.31424712399397e-18,0.261799387799149,3.141592653589793,4.014257279586958,-3.8080035730059956e-19,0.959931088596881,1.570796326794897,-4.657123561996936e-18,4.796163466380694e-16,5.144033347429896e-18,-2.357620271848455e-16,5.008283706252952e-19,-5.4228226847246826e-17,-2.38090797077817e-19
Time:,0.28,x:   ,9.695092077325926e-18,0.261799387799149,3.141592653589793,4.014257279586958,-4.1960489001821185e-19,0.959931088596881,1.570796326794897,-4.847546038662912e-18,4.973799150320715e-16,5.4215891035861895e-18,-2.3763707051532367e-16,5.258041723375794e-19,-5.557283028818173e-17,-2.437045549931308e-19
Time:,0.29,x:   ,1.0117154806451534e-17,0.261799387799149,3.141592653589793,4.014257279586958,-4.718691491192059e-19,0.959931088596881,1.570796326794897,-5.058577403225715e-18,5.151434834260735e-16,5.699144859742483e-18,-2.39906859810113e-16,5.553878332829268e-19,-5.692976954050142e-17,-2.487400717497856e-19
