Grav Comp,0.0,dT,0.01,Substep Number,1
Time,State History
Time:,0.0,x:   ,0.0,2.6179938779914944,0.0,0.0,0.0,0.0,0.0,0.0,0.0,0.0,0.0,0.0,0.0,0.0,-1.5411837692321253,0.0,-1.5411837692321253
Time:,0.01,x:   ,-4.1308682082451695e-05,2.6187527622272695,8.045768841437602e-05,-0.001050487139003013,-0.000145223520798231,0.00046739376572314237,1.8625284747489702e-06,3.297575195671047e-07,0.11744495628957846,-0.0014887542100965958,0.035511938214510694,0.00027226622238679877,0.004852452087301909,0.0002796337668067678,-1.5411794587635477,0.0053931210036286354,-1.5465725797671763
Time:,0.02,x:   ,-0.00016494128300715899,2.6210264183756964,0.00032014249859690236,-0.004192976096213813,-0.0005776938100887929,0.0018573134236247767,6.716381055366773e-06,2.6301545457109817e-06,0.2347936417076446,-0.002966128885865896,0.07103507620957822,0.0005439688447366202,0.009703444086629261,0.0005591804936296301,-1.5411407963514299,0.02153765854111457,-1.5626784548925445
Time:,0.03,x:   ,-0.0003700186395656296,2.624802842682999,0.0007138094567586905,-0.00939127004017708,-0.0012866250111005645,0.004120002928079948,1.199982539219831e-05,8.81945746150284e-06,0.3518562574389608,-0.004418527035127068,0.10659403235458746,0.000814722016569185,0.0145501211739816,0.0008384722659927073,-1.5410343064919008,0.04827817150631188,-1.5893124779982126
Time:,0.04,x:   ,-0.0006552087356900512,2.630057931282187,0.0012522507138132371,-0.016572381074574854,-0.0022522455254807214,0.007154956115298025,1.2857565631430178e-05,2.0691133365893157e-05,0.46844281242665475,-0.00583179996164996,0.14221153202478898,0.0010842366275555949,0.019389892172140245,0.001117356831166367,-1.5408286107151097,0.08532540889995906,-1.6261540196150688
Time:,0.05,x:   ,-0.0010190667474295279,2.636755368548247,0.0019217905141110257,-0.02562613405160509,-0.003445424988820389,0.010810841186080927,1.945176500571646e-06,3.9844699187237547e-05,0.5843632266668137,-0.007191103153424641,0.17790713708941294,0.001352382719672262,0.024220645860997276,0.0013957106384803702,-1.540495551814592,0.13226520500888334,-1.6727607568234752
Time:,0.06,x:   ,-0.0014605315378735826,2.644846656257636,0.0027037444441352938,-0.03640530098221045,-0.004827555578387207,0.014886714357692503,-3.067663987165067e-05,6.762771883902903e-05,0.6994274909648546,-0.008480978203181024,0.21369634779026792,0.0016192580811706248,0.029040927821329846,0.0016734498849866725,-1.5400110913524239,0.1885722480275877,-1.7285833393800116
Time:,0.07,x:   ,-0.0019795738431728316,2.654271374633979,0.00357394375085661,-0.04872659480466117,-0.006350910673297778,0.019135079756321702,-9.743707700492083e-05,0.00010509390301000595,0.8134458989763383,-0.009685722854287494,0.24959016471650192,0.0018852592599335558,0.033850065584633965,0.0019505387484036014,-1.5393559142880244,0.25362826825240903,-1.7929841825404336
Time:,0.08,x:   ,-0.002577972503105361,2.664957760994444,0.004502431369044455,-0.06237283297592394,-0.007959677993031015,0.023267292083331777,-0.00021283505909547,0.00015298138158080735,0.9262293580986923,-0.010790072811019954,0.28559512231816214,0.002151147410012417,0.038648236602977275,0.002226994241025733,-1.5385157124198612,0.3267437220247974,-1.8652594344446585
Time:,0.09,x:   ,-0.0032601728370808135,2.6768236638579217,0.005453418875906898,-0.07709648382046008,-0.00959177665279642,0.026961593282582626,-0.0003926525995619905,0.00021171310811456202,1.037589775160544,-0.011780164962631817,0.321713711671208,0.0024180989349058745,0.04343648090872308,0.0025028874777396713,-1.537481163466203,0.40718154373050247,-1.9446627071967053
Time:,0.1,x:   ,-0.004034162610211115,2.6897778823254983,0.006385550352749696,-0.09262464038637365,-0.011181429574235173,0.029873748132267938,-0.0006528312519220906,0.0002814181247764659,1.1473405021032062,-0.012644690096960306,0.3579450176193942,0.0026877312092730508,0.04821666607033618,0.002778341546278932,-1.536247662030382,0.49418113047110157,-2.0304287925014837
Time:,0.11,x:   ,-0.004912293886163182,2.7037218415528232,0.00725245680496216,-0.10866526031965662,-0.01266230898715351,0.031649864994377754,-0.0010081268904157752,0.000361968737306078,1.2552968172559298,-0.013376088712656942,0.3942853293147841,0.0029620973326318755,0.05299141414862532,0.0030535264904766497,-1.5348148788217904,0.586980554554812,-2.1217954333766023
Time:,0.12,x:   ,-0.00591198873639728,2.7185514999142906,0.00800351970962668,-0.12491431683168044,-0.013970952252183427,0.03194065566269809,-0.0014707189296916078,0.0004530256237243433,1.3612764104500485,-0.01397161328331323,0.4307284667120389,0.00324365002801487,0.05776399842531141,0.003328652080410416,-1.533186218926852,0.6848351632265502,-2.218021382153402
Time:,0.13,x:   ,-0.007056292838165565,2.7341593475043933,0.008584715122271982,-0.14106337785268847,-0.015050100817164187,0.030416197125996698,-0.0020489634099959486,0.0005540816223836075,1.4650998357127656,-0.014434086418840922,0.46726560906398623,0.0035351811007138067,0.0625382137846205,0.003603959044156779,-1.5313682239860724,0.787031223014533,-2.3183994470006053
Time:,0.14,x:   ,-0.008374276692028434,2.750436349245622,0.008939396689145417,-0.15680710190973102,-0.015851662151149692,0.026780259817629104,-0.002746441965991762,0.0006644959816613078,1.5665908936691983,-0.014772227476910932,0.5038845062649396,0.003839746322736133,0.0673182227176879,0.0038797093782989823,-1.5293699313368232,0.8928939925720504,-2.4222639239088735
Time:,0.15,x:   ,-0.009901319210236025,2.7672737100784035,0.009008900813289762,-0.17185021175797816,-0.016339111625248356,0.020783447481560018,-0.0035613903577010947,0.0007835139486404695,1.6655769065761692,-0.015000488201131094,0.5405680750765214,0.004160583909613913,0.07210838282252147,0.004156176401096402,-1.5272021808785667,1.0017903917578233,-2.52899257263639
Time:,0.16,x:   ,-0.011679333515778156,2.784564386150171,0.00873291032159055,-0.18591365021334158,-0.01648928994866996,0.012234679893740233,-0.004486524979942158,0.000910270770683885,1.761888851260843,-0.015138411208267623,0.5772924990175702,0.004501027429555051,0.07691307287736752,0.004433635487180231,-1.5248768559248724,1.1131271049776978,-2.6380039609025703
Time:,0.17,x:   ,-0.013757005468317157,2.802204320712823,0.008049575837488812,-0.1987397889609104,-0.01629365815600806,0.001010840296285077,-0.005509256191367767,0.0010437832665744309,1.8553613181078206,-0.015209584870390284,0.6140250381297921,0.004864402716860438,0.08173655102309245,0.004712356923019316,-1.5224060567238404,1.2263453996091327,-2.748751456332973
Time:,0.18,x:   ,-0.016190112847474198,2.820093432428909,0.006895447622817846,-0.21009670310679102,-0.015759108870891818,-0.012935385853133427,-0.006612300731968699,0.0011829350760965496,1.9458322665960415,-0.01524030338339377,0.6507218009877815,0.005253886622153471,0.08658289506962526,0.0049926028938214245,-1.5198012281835866,1.3409141201464225,-2.860715348330009
Time:,0.19,x:   ,-0.01904198211756612,2.8381364166246112,0.005205301581569812,-0.21978160987822362,-0.01490839006295136,-0.02956938706298462,-0.007774776957907392,0.0013264629135598448,2.0331425489044297,-0.015258050253021693,0.6873257368648588,0.005672297845555072,0.0914560844289984,0.005274630995737058,-1.5170722898799855,1.4563222634256374,-2.973394553305623
Time:,0.2,x:   ,-0.02238412566002037,2.8562434317717478,0.002911946304489247,-0.22762358826315252,-0.013780094520797825,-0.048770196215137604,-0.008973958454883864,0.0014729503766172818,2.1171351724344154,-0.015289912554550792,0.7237650789073232,0.006121791864825865,0.09636027852844109,0.005558706585919785,-1.514226842339362,1.572072308460984,-3.086299150800346
Time:,0.21,x:   ,-0.02629708859919703,2.8743307342019095,-5.392383162150906e-05,-0.23348565631616064,-0.01242804571334181,-0.0703279053025227,-0.0101879275666525,0.0016208330346681214,2.197654270231535,-0.015361009838189346,0.7599524189602977,0.006603448040864786,0.10130032212243706,0.005845125533107916,-1.5112695458393273,1.6876751268152674,-3.1989446726545947
Time:,0.22,x:   ,-0.030871520866430805,2.8923212976201587,-0.0037638020653753576,-0.23726620750286606,-0.010919821554043344,-0.09394326838179465,-0.011399355318658632,0.0017684137532820393,2.2745437470319403,-0.015492991948894438,0.7957845289095249,0.00711677031930033,0.10628246145539545,0.006134247444345263,-1.5082017813861615,1.8026468876257569,-3.3108486690119183
Time:,0.23,x:   ,-0.036209473725662356,2.9101454168797782,-0.008291379837969735,-0.23889972733270426,-0.009334150780208496,-0.11922996498477317,-0.012600493323683893,0.001913881013651124,2.347645571778378,-0.015702628755197588,0.8311429679174631,0.007659171630669692,0.1113151902268038,0.006426537308380038,-1.5050216984403406,1.916507943122958,-3.4215296415632985
Time:,0.24,x:   ,-0.042425894757461974,2.927741255656645,-0.013712524475198131,-0.2383566559974482,-0.007757013593437843,-0.1457199827082769,-0.013799191801925433,0.002055316599368147,2.4167977017037767,-0.016000485550395935,0.8658954362480855,0.008225566509330163,0.11641007195019505,0.006722610937153045,-1.5017247181498186,2.0287832908022168,-3.5305080089520353
Time:,0.25,x:   ,-0.04965025252895576,2.9450552628385505,-0.02010523408944706,-0.23564224977453388,-0.006276448360341553,-0.17287238805490737,-0.015025419192444996,0.0021906744859964133,2.4818316600466637,-0.0163896553221912,0.8998977639564876,0.008808239356719365,0.12158232395400013,0.00702327691445188,-1.4983044869606785,2.139003922464829,-3.6373084094255077
Time:,0.26,x:   ,-0.058028147871531946,2.9620423575607817,-0.027549505993308666,-0.23079432060688074,-0.004976220434280435,-0.20008542131649884,-0.01633748504344731,0.0023177123732335634,2.5425698686682066,-0.01686450881898752,0.9329963691658452,0.009397167804453713,0.12685091896588133,0.007329565349894131,-1.4947541705379543,2.2467082482624954,-3.7414624188004497
Time:,0.27,x:   ,-0.06772263869233153,2.978665767471787,-0.036126921628155215,-0.22387977219461822,-0.003928528812456278,-0.22671147505077988,-0.017827111215536533,0.0024338624834223184,2.598822990266877,-0.017409430286871537,0.9650309990572825,0.009980950259007236,0.13223797871602166,0.007642732066022257,-1.49106786720654,2.351442852562468,-3.8425107197690083
Time:,0.28,x:   ,-0.07891477995940742,2.994896392648429,-0.04591956255017772,-0.2149898591276786,-0.003185724562775822,-0.252074231877267,-0.019622741176464644,0.0025360386277696887,2.65038781091723,-0.017997533621173584,0.9958375863935781,0.010548418261823216,0.13776730371400098,0.007964226560613363,-1.4872418388875603,2.4527620677839157,-3.940003906671476
Time:,0.29,x:   ,-0.09180250559404418,3.010711549985836,-0.0570076403112172,-0.20423403768642162,-0.002770600422766318,-0.27548715433145887,-0.021890958216872237,0.0026203899900122374,2.6970466531407706,-0.018589402706087988,1.0252511173039172,0.011090925761175848,0.14346199426553086,0.008295613946488943,-1.4832752333971087,2.5502261538832975,-4.033501387280406
Time:,0.3,x:   ,-0.10659640571674187,3.0260929288238545,-0.0694649763941568,-0.19173216134065094,-0.0026643224835140567,-0.29627265399624714,-0.024836360816367756,0.0026820261473648826,2.7385699948793016,-0.01913197782856786,1.0531085040581698,0.011605215020441971,0.14934125285308408,0.008638445704130176,-1.4791700098489344,2.6433981230297205,-4.122568132878655
Time:,0.31,x:   ,-0.12351020409411964,3.0410235817084494,-0.0833512913018669,-0.17760469931693335,-0.002790790952580222,-0.31378150221390094,-0.028700341562703322,0.0027147515372909587,2.7747248066516326,-0.019557832171955454,1.0792515654517558,0.012096655273125503,0.15541660240376187,0.00899408157809623,-1.4749298594994542,2.7318393347533014,-4.206769194252756
Time:,0.32,x:   ,-0.14274306364631542,3.055483856157935,-0.0987003795288699,-0.16196086225494524,-0.0029965707435682877,-0.32741212564079386,-0.033758512781481044,0.0027108616534189532,2.8052917027466373,-0.019785262761367398,1.1035302780531282,0.012582489823790833,0.16168789840273626,0.009363474462541837,-1.4705580087153116,2.815103833524267,-4.285661842239579
Time:,0.33,x:   ,-0.16445096201606654,3.069446479544332,-0.11550411573883917,-0.1448853982873764,-0.0030271023282785105,-0.3366290186138312,-0.040314740080254596,0.0026610674847361124,2.830093291140591,-0.01971984184147341,1.1258063461495933,0.013094438999588114,0.16813963412792998,0.009746939677925575,-1.4660538862607813,2.892731017528734,-4.358784903789515
Time:,0.34,x:   ,-0.18870664006312723,3.0828716967094656,-0.13369446207228003,-0.12642675442758872,-0.0025031653217224407,-0.3409783754261823,-0.048687227318162093,0.002554622029153792,2.8490324083181955,-0.019258240861765252,1.1459566471870704,0.013679562655725813,0.1747380703944107,0.010143936865782984,-1.4614087710241845,2.9642357704194646,-4.425644541443649
Time:,0.35000000000000003,x:   ,-0.21545345490914464,3.095704408413176,-0.15312934831041267,-0.10659204132286614,-0.0009060485641080396,-0.34009756142281217,-0.05918062675873976,0.002379705297472431,2.8621312040179383,-0.018295049437975,1.1638751447394418,0.01439785049910293,0.18142952844663596,0.010552894540184463,-1.4566008070454992,3.0290950802739736,-4.485695887319473
Time:,0.36,x:   ,-0.24446715242980502,3.1078760956363456,-0.17359177368497036,-0.08535593933595031,0.0024171421234808503,-0.3337147734819915,-0.07204122461853536,0.002124064684805635,2.8695533234800696,-0.016732737826370726,1.1794709122166704,0.015315073740332426,0.18813965225576937,0.010971104010453162,-1.4515902314697198,3.086731197028232,-4.538321428497952
Time:,0.37,x:   ,-0.27534536365107826,3.119313691748659,-0.1948105507129841,-0.06268782392349148,0.008219887325933997,-0.32163867255711337,-0.0874024954719659,0.001775822399175571,2.871591087329107,-0.01449378723653962,1.1926604038552127,0.016490612228724697,0.19477276640797403,0.01139470213305938,-1.4463160480506825,3.136494323591935,-4.582810371642617
Time:,0.38,x:   ,-0.3075385261092342,3.1299545778685425,-0.21650233120083437,-0.0385920469720511,0.017297845384161174,-0.3037455695442682,-0.10524155289646146,0.0013243160000836463,2.868615910461347,-0.01153260315574804,1.2033552272189947,0.017962184988417933,0.20121033324481433,0.01181874894448515,-1.4406951502998369,3.177652076310776,-4.618347226610613
Time:,0.39,x:   ,-0.34041635301576867,3.139762876835866,-0.23842172928193742,-0.01314530777071234,0.03042215533372795,-0.2799792125892809,-0.12537073656220937,0.0007608726153100474,2.8610146117144195,-0.007843798991425283,1.2114506666512528,0.019731249727586317,0.20730860561522804,0.01223738016708374,-1.4346241160877184,3.2093951276243526,-4.644019243712071
Time:,0.4,x:   ,-0.3733448699770585,3.1487406903334234,-0.26040044645773364,0.013487499158814493,0.04828295647539504,-0.2503772475192277,-0.14747405013272658,7.946445781250341e-05,2.8491426380485465,-0.003463741450079886,1.2168206981254366,0.021752706409795736,0.21289735355050346,0.012643976152306577,-1.4279838512676037,3.2308647550913503,-4.658848606358954
Time:,0.41000000000000003,x:   ,-0.4057474540048044,3.1569307501937134,-0.2823632046439133,0.04106725542962586,0.07144963963566697,-0.21512600760045644,-0.1711746250234116,-0.0007228078908418857,2.833307971322138,0.0015356589702073846,1.2193209007773078,0.02393078629594703,0.21778241756080147,0.013031255395555807,-1.4206489216946427,3.241199764880109,-4.661848686574752
Time:,0.42,x:   ,-0.4371387128752943,3.164411791749284,-0.3043206703519337,0.06931707377833875,0.10034119864382432,-0.17462766062610052,-0.1961063427689836,-0.0016453905553131059,2.8137761362131104,0.007059074367675355,1.2187960338838297,0.026121633314009775,0.2217539221671159,0.01339120322476029,-1.4125053142584032,3.239594252678684,-4.652099566937087
Time:,0.43,x:   ,-0.4671362925730383,3.1712908494247287,-0.32634657322934507,0.09796403345082903,0.1351997825451816,-0.12955046405591508,-0.22196816256672092,-0.0026838621134414207,2.790779025128184,0.01300213753517344,1.215088562305196,0.0281430423602093,0.2245999658179169,0.013714822881915325,-1.4034791511749258,3.2253587277593105,-4.628837878934236
Time:,0.44,x:   ,-0.4954608276188458,3.177696040442041,-0.3485460782208245,0.12676940646096108,0.17607233411559708,-0.08083119403483263,-0.248553752097246,-0.0038290534936071623,2.7645183365838726,0.019264300614394003,1.2080471519587364,0.029791839802570653,0.22612370909900412,0.01399187054491596,-1.3935723769282204,3.1979824234562764,-4.591554800384497
Time:,0.45,x:   ,-0.521929747452534,3.1837706700565946,-0.3710208265241151,0.15553890956322308,0.2228141914025626,-0.02961281849476631,-0.2757573277369758,-0.0050657256680186604,2.7351652528697543,0.025757442754544727,1.1975362765118376,0.03086775580178151,0.2261607558799349,0.014210944087719465,-1.382892379029132,3.157196571277676,-4.540088950306808
Time:,0.46,x:   ,-0.5464450709333826,3.189667303765933,-0.39383666375665133,0.18411520172533194,0.27512166999770665,0.022872825639683986,-0.3035553657397643,-0.006371601707520488,2.7028620540022033,0.0324090447881302,1.1834475627298122,0.03119957684222998,0.22459373234624844,0.01436033595788467,-1.3716591833181404,3.103032632522419,-4.4746918158405595
Time:,0.47000000000000003,x:   ,-0.5689746059061795,3.195540504603698,-0.41700080355514363,0.2123617891750789,0.33258275001786014,0.07544276372981146,-0.33196272028927476,-0.007717830291160601,2.667728294319827,0.039160387237925094,1.16571152270784,0.03066735582399424,0.22136177757108677,0.014429743662330448,-1.3601826988025434,3.035860747075611,-4.3960434458781545
Time:,0.48,x:   ,-0.5895291383710373,3.2015386187064903,-0.4404526362334562,0.24014760744602542,0.39472452895442206,0.12708026150881313,-0.3609696095003032,-0.009071229139198847,2.6298693930993506,0.04596136887571806,1.1443072452431342,0.029215611518612218,0.21646389573967137,0.01441237409306527,-1.3488181919710591,2.9563926242273286,-4.305210816198388
Time:,0.49,x:   ,-0.6081405871718399,3.20779629683706,-0.46406738067025155,0.26733706243863076,0.46104214988542414,0.17700561942270288,-0.39047696020490513,-0.010397569497581837,2.589383739658611,0.05276381442792988,1.1192683590623778,0.026856020550698162,0.2099565028492506,0.014306610845532744,-1.3379175293399088,2.865644151738053,-4.203561681077962
Time:,0.5,x:   ,-0.6248453649227603,3.214429275959046,-0.48766803046021207,0.29378578393702853,0.531007194119939,0.22469590220947633,-0.42024933818087196,-0.011664731581436164,2.5463658983199546,0.05951483151511526,1.0906851158960442,0.02366150551015961,0.20194670930099914,0.014116548575948148,-1.3277906660902445,2.7648683262093137,-4.092658992299558
Time:,0.51,x:   ,-0.639674656995914,3.2215318922766363,-0.5110405093171849,0.3193401650678445,0.6040619522060902,0.2698644072314855,-0.4498953732325677,-0.01284496970019457,2.5009057651700997,0.06615138370830581,1.0587034678709195,0.01975518702451897,0.19258350462024323,0.013851209142686158,-1.3186822272143428,2.6554777150172497,-3.9741599422315925
Time:,0.52,x:   ,-0.6526511066580939,3.2291768713682587,-0.5339486047182084,0.3438385773374693,0.6796073935768212,0.3124155877022087,-0.4788739617127,-0.013916193661306836,2.453084859396251,0.07259692046985884,1.0235221440917333,0.015297478290664055,0.1820488248764624,0.013522768362837032,-1.3107603305811302,2.538974099891937,-3.849734430473067
Time:,0.53,x:   ,-0.6637902771690076,3.2374165648614883,-0.556147264761217,0.3671128161178519,0.756991259817739,0.35238912359104546,-0.5065183156575473,-0.014862571183985904,2.402971211691541,0.07876055086210447,0.9853882797574646,0.010473496825839538,0.17054963222786818,0.013144383663154409,-1.3041124611362034,2.416895249721541,-3.7210077108577444
Time:,0.54,x:   ,-0.6731050071126254,3.246284854936062,-0.5773942079630505,0.3889891303536279,0.8355017121066529,0.38990260145855576,-0.5320702364523473,-0.01567479184415405,2.3506140885975215,0.08453882735822256,0.9445915677040555,0.005481691702098398,0.15831103791340906,0.012728200625486514,-1.298744950744156,2.2907802909663424,-3.5895252417104984
Time:,0.55,x:   ,-0.6806109488903657,3.255799180772931,-0.5974603392855552,0.409288878477015,0.9143715342845515,0.42509866368195803,-0.5547204503353046,-0.016350177563205805,2.296039495936595,0.08981979612574978,0.9014565461441841,0.0005236039346852434,0.14556962963994866,0.012283941405154155,-1.2945857719457798,2.1621489775200042,-3.456734749465784
Time:,0.56,x:   ,-0.6863319257408332,3.265962397764715,-0.6161393652968474,0.4278293522800328,0.9927967070780345,0.4581002698356502,-0.5736534654392162,-0.016892651624836313,2.2392471946755936,0.0944886646505968,0.8563327381943304,-0.004205751070616879,0.13256587476635734,0.01181825788163526,-1.2914927008444925,2.032487272588589,-3.3239799734330817
Time:,0.5700000000000001,x:   ,-0.6903041531570622,3.276764398342584,-0.6332565076037283,0.44442552869625984,1.0699701573903742,0.48897647367313496,-0.5880950933215563,-0.0173124664829898,2.1802098242670285,0.09843427832728287,0.809582948777885,-0.008527217051451819,0.1195348880559675,0.011334834671806102,-1.289269108062117,1.903232076176396,-3.192501184238513
Time:,0.58,x:   ,-0.6925787864736214,3.288183579853898,-0.6486756195087572,0.458893344110419,1.1451268242019568,0.517720148378464,-0.5973580562458076,-0.017625553607333824,2.1188745675547898,0.10155557855528573,0.7615708462889671,-0.012286300619165132,0.10669581920794674,0.010835074153351484,-1.2876874306768198,1.7757511631740595,-3.0634385938508792
Time:,0.59,x:   ,-0.6932226256692771,3.3001883236120806,-0.6623036479561861,0.4710545478585106,1.2175915251024254,0.5442378759065652,-0.6008783919807105,-0.01785239386551262,2.0551674977481174,0.10376731300469473,0.7126495255317943,-0.015360598049280114,0.09424119626435414,0.010319096588935036,-1.2865168779610996,1.651319038678706,-2.9378359166398056
Time:,0.6,x:   ,-0.6923170988420598,3.3127386410151964,-0.6740915100978212,0.48074249867010693,1.286818847396492,0.5683506859410505,-0.5982352179425545,-0.018016408524898022,1.989000284811848,0.10500446094366608,0.6631526434215741,-0.017664787135250593,0.08232819677556617,0.009786759477358579,-1.2855493341192947,1.5310931775162782,-2.816642511635573
Time:,0.61,x:   ,-0.6899558551568865,3.325788062782562,-0.6840310863204515,0.48780777182449003,1.3524159545204588,0.5898028762597755,-0.5891496939872045,-0.018142011150324204,1.9202784217602091,0.1052250932421953,0.613388927057412,-0.01915247077157109,0.0710736329731378,0.009238453173477155,-1.2846176062326855,1.4160960025179306,-2.700713608750616
Time:,0.62,x:   ,-0.6862414369428453,3.3392857400852387,-0.6921488898438748,0.4921224063370494,1.4141441635374727,0.608275330039384,-0.5734642825310119,-0.018252581842799164,1.8489097909185868,0.10441165938116133,0.5636398204457361,-0.019814868110931628,0.06055350379129108,0.008675547445800685,-1.283603097241411,1.3072057930523246,-2.5908088902937356
Time:,0.63,x:   ,-0.6812815685588118,3.3531786438874036,-0.6984976546488317,0.49358202832102444,1.4719009456582028,0.6233998813988181,-0.5511079973330543,-0.01836866787621734,1.7748124026582328,0.1025709204630214,0.5141593144246756,-0.01967703380189145,0.050806770358610844,0.0081004976256963,-1.2824337721389847,1.2051562375844742,-2.487590009723459
Time:,0.64,x:   ,-0.6751855856695995,3.3674137214953572,-0.7031473276197259,0.49210569063956927,1.5256880690505685,0.6347722306839749,-0.5220553225349971,-0.01850665976903917,1.6979204860706976,0.0997328793547128,0.465174845711788,-0.018792645202742812,0.04184210506492676,0.007516718155604717,-1.281075839989518,1.1105416594354454,-2.3916174994249633
Time:,0.65,x:   ,-0.6680614334281549,3.3819398931482576,-0.7061767655528135,0.4876337893775884,1.5755728403210314,0.6419622386314368,-0.48628573550213994,-0.0186780730213135,1.6181886054215524,0.09594908706396924,0.416888420272067,-0.017238375529721742,0.03364602476629962,0.006928372448596847,-1.2795231037763772,1.0238240103639378,-2.303347114140315
Time:,0.66,x:   ,-0.660013512703432,3.396709819806363,-0.7076670197357009,0.4801247129005708,1.6216483403387814,0.6445217141354405,-0.443748584708777,-0.018889441184199995,1.535593908057018,0.09129065739953002,0.36947751544551594,-0.015108598778619307,0.026190972268317583,0.00634022173401131,-1.277787004106972,0.9453381659464294,-2.2231251700534016
Time:,0.67,x:   ,-0.6511414940889504,3.4116814163712745,-0.7076966605775753,0.46955097388045125,1.6639964868151251,0.6419908634077579,-0.39433617564960055,-0.01914273852754345,1.450136863369447,0.08584624536810799,0.3230956251102822,-0.012510821059399425,0.01944229393620182,0.005757649709661433,-1.2758890359298847,0.8752929602516462,-2.151181996181531
Time:,0.68,x:   ,-0.6415400902465522,3.42681910077501,-0.7063392899644256,0.4558955865214953,1.7026558645364982,0.6339054530643154,-0.3378677784366771,-0.019436209672049943,1.3618409244961098,0.07972017639443793,0.277872466746049,-0.009561916957327454,0.013363421300865062,0.005186958626004061,-1.2738561858199158,0.8137660734240942,-2.08762225924401
Time:,0.6900000000000001,x:   ,-0.6312996991728066,3.4420947444664067,-0.7036632515456718,0.4391495127733998,1.737595288235944,0.6198076969975341,-0.27409015527809727,-0.01976547094450138,1.2707514950956653,0.07303087150193124,0.2339139011070681,-0.006385013601381209,0.007918758281061377,0.004636024182626364,-1.27171954887648,0.7606911269438787,-2.032410675820359
Time:,0.7000000000000001,x:   ,-0.6205078016562655,3.457488210408952,-0.6997335600585749,0.4193112165450742,1.7686945236545837,0.5992652076554894,-0.20270745427603223,-0.020124735046561773,1.1769344911267923,0.06590969500498164,0.19130157812452778,-0.0031067196617305917,0.0030737879202505126,0.004115384279997456,-1.2695161467573497,0.7158354327097309,-1.9853515794670806
Time:,0.71,x:   ,-0.6092509901284343,3.472987214224774,-0.6946161786814601,0.396389773508275,1.7957361811449795,0.5719041541721981,-0.12346568860057457,-0.020507977087512147,1.0804747350275945,0.05850033039379829,0.15009224933361162,0.0001456363095564137,-0.0012081270837493883,0.0036397565255584046,-1.2672935791124098,0.678767712278374,-1.9460612913907838
Time:,0.72,x:   ,-0.5976174737383116,3.488586014361764,-0.6883848806081435,0.3704134487180531,1.8184184157963064,0.5374641257931926,-0.03633035787944726,-0.02090982580904464,0.9814745086787928,0.05095870877788496,0.11031658034199066,0.0032469403387988443,-0.004972484487177102,0.003229678093273006,-1.2651153232578194,0.6488187664052045,-1.913934089663024
Time:,0.73,x:   ,-0.5856997730683149,3.5042821813495992,-0.6811308156543213,0.3414455673548277,1.8364061241707361,0.49587932638398985,0.058211115317567494,-0.021326038129284644,0.8800529107755305,0.04345326855153808,0.0719771481537679,0.006077145781880866,-0.00828273704587244,0.002912196786384129,-1.263060012523351,0.6250474039686066,-1.8881074164919576
Time:,0.74,x:   ,-0.5735970244639136,3.5200706403440836,-0.6729741228254464,0.30960748669625426,1.8494410105747392,0.44737576215639907,0.15876796871766866,-0.021753783478994006,0.7763470068150164,0.036164808573230664,0.03504521953388523,0.008523252145645352,-0.011227199770162294,0.002718359524260755,-1.2612034876495666,0.6062379704599788,-1.8674414581095453
Time:,0.75,x:   ,-0.5614159074820685,3.535934749155942,-0.6640750394028921,0.2751033620281519,1.8575079111604353,0.3925439064382725,0.26281195389416584,-0.022192502692931115,0.6705150877953511,0.029284542196611647,-0.0005435001235513312,0.010480054552011443,-0.013915588069537205,0.0026751722164802976,-1.2595806225117174,0.5909590400726855,-1.8505396625844028
Time:,0.76,x:   ,-0.5492689492574364,3.551835503892615,-0.654639568168805,0.23823602163034405,1.860995617928412,0.33232863435254395,0.3669403170938873,-0.02264572713331687,0.5627396774336487,0.023008851181406054,-0.03489137281146359,0.011851910340388237,-0.01645989700289356,0.002793880736367709,-1.2581525361894008,0.577684405405698,-1.8358369415950988
Time:,0.77,x:   ,-0.5372692283184101,3.5677011915245043,-0.6449143653648337,0.19940530558866418,1.8607496629638123,0.26792383654653634,0.46770580060588185,-0.023122172626486182,0.45322613115910554,0.01753030753916988,-0.06813282912381693,0.012559702571454327,-0.018947153442538202,0.003063248477482278,-1.2568135060508032,0.5649445418709479,-1.821758047921751
Time:,0.78,x:   ,-0.525521658477819,3.583420008927487,-0.6351688502328968,0.15909016763044934,1.8579699664519023,0.20063970323476726,0.5625314486381627,-0.02363338761256592,0.34219661964759,0.013025957424663509,-0.10041363778170323,0.012552769367691802,-0.021419396527049904,0.0034549590215590285,-1.2554267556892622,0.5514893147903518,-1.806916070479614
Time:,0.79,x:   ,-0.5141131447220416,3.598837899445881,-0.625667546725763,0.11782204130050507,1.8540030156598664,0.13181342468557472,0.6501681425336939,-0.024187978537634977,0.22988437132080936,0.009644609287712103,-0.1318579247214614,0.01181892288245047,-0.02386700946559389,0.00393634733542414,-1.25385502003352,0.5364551685844852,-1.790310188618005
Time:,0.8,x:   ,-0.5031057450545517,3.6137633240666114,-0.6166397323354371,0.0761563023176067,1.8501065757486697,0.0627636025292247,0.7306456654121197,-0.024785552115608196,0.1165311756655987,0.0074956174747589,-0.1625344159712609,0.010386759672720139,-0.026232136672265514,0.004479962590260215,-1.25198462544517,0.5195020043407214,-1.7714866297858913
Time:,0.81,x:   ,-0.49253634692970555,3.6279788827170196,-0.6082555657681671,0.03464794068292823,1.847249617480575,-0.005245829300088906,0.8049797661141065,-0.025413583670177174,0.0023864666635558807,0.006642118504591149,-0.192434569231394,0.008320765357898184,-0.0284201575673199,0.005065764257891797,-1.2497525078292575,0.5008781835788676,-1.750630691408125
Time:,0.8200000000000001,x:   ,-0.48242293386003127,3.6412572230816687,-0.6006161756248412,-0.006164388411898002,1.8460000194482034,-0.07104807889791732,0.8748365941867526,-0.026048667227928028,-0.11229464932223762,0.00710018407037344,-0.22146977700746298,0.005713118246396786,-0.030317986763699987,0.005678704802885363,-1.2471660674654015,0.48140307119198833,-1.7285691386573898
Time:,0.8300000000000001,x:   ,-0.4727739181903678,3.6533774003630732,-0.5937594202484073,-0.04576722185947026,1.8465265179508616,-0.13361649757013805,0.9422267114794413,-0.026661541526342456,-0.22725528383842813,0.008842627050889059,-0.24948714938148603,0.0026752951267549974,-0.03181466905510075,0.006305746042591107,-1.2443022883932415,0.4623829246950079,-1.7066852130882495
Time:,0.84,x:   ,-0.463596092663461,3.664138361040648,-0.5876767376429405,-0.08367916609906745,1.8486944982033917,-0.1920965073490274,1.0092485903627395,-0.027223676520351507,-0.3422418520334983,0.011804803089660759,-0.27629740068589376,-0.0006695875563974335,-0.0328185062087536,0.006934293898549343,-1.2412865485712177,0.4454837639663111,-1.6867703125375288
Time:,0.85,x:   ,-0.4548986569120668,3.6733676974680325,-0.582333554861696,-0.11945928449577879,1.8522018767229191,-0.2458187156943199,1.0778914394284882,-0.027712877946564785,-0.4570091421282223,0.01589044698518842,-0.3017062189830934,-0.00419397093947827,-0.03326754484430375,0.007551963684899092,-1.2382618310057838,0.4325850029376523,-1.6708468339434361
Time:,0.86,x:   ,-0.44669344406726064,3.680925368414185,-0.5776868232837422,-0.1527163190717898,1.8567022233383135,-0.2942916712882035,1.1498995964555896,-0.028116366999705437,-0.5713244265867035,0.020976978044257823,-0.3255418586391944,-0.007772689942298585,-0.03313351677962418,0.008146828387830138,-1.235359499331644,0.42563552157705636,-1.6609950209087003
Time:,0.87,x:   ,-0.43899303967632175,3.6867032392277133,-0.57369647485021,-0.1831158010749498,1.8618859815174305,-0.33717781907496924,1.2266904804658367,-0.028431215199392817,-0.6849701592771397,0.0269205086991894,-0.34767481068053974,-0.01128892431245326,-0.03242101353257513,0.008707549272170021,-1.2326784737384542,0.4265286427690983,-1.6592071165075524
Time:,0.88,x:   ,-0.4318085635367812,3.690621876977196,-0.5703306531843132,-0.2103827787462708,1.8675156953970902,-0.3742588451293851,1.3093114285274403,-0.028662962886399353,-0.7977451662871566,0.03356083584999899,-0.36802855596564105,-0.014638520664785349,-0.03116390514180718,0.009223275308515029,-1.230274944167232,0.4370049286857949,-1.667279872853027
Time:,0.89,x:   ,-0.425148139927441,3.692626055347697,-0.5675662484575559,-0.23429982114912484,1.8734257565926744,-0.4053967597198532,1.398420569504993,-0.02882345271447883,-0.909464399702998,0.04072640197905185,-0.38658258309953286,-0.017732236133445677,-0.029420610406382,0.009683473636794528,-1.2281614043582532,0.4585845064351609,-1.6867459107934142
Time:,0.9,x:   ,-0.4190162930950914,3.6926800725148055,-0.5653865938461502,-0.254701402018912,1.8795011608211414,-0.4304957270431826,1.4942820384732127,-0.02892860379386284,-1.0199573619570703,0.04823893340093785,-0.4033698218564408,-0.020495941066809763,-0.027269288911245543,0.010077873590773978,-1.2263122048174875,0.49252566157774813,-1.7188378663952357
Time:,0.91,x:   ,-0.41341406813133513,3.690763511536421,-0.5637778284962615,-0.27146616592882555,1.885647887099616,-0.4494680333830284,1.5967735986994012,-0.028996405986145096,-1.1290653423655836,0.05591732470525829,-0.41847069991137326,-0.022869212982272416,-0.024803526638954836,0.010396606378343538,-1.2246726826686722,0.5398039668881779,-1.7644766495568502
Time:,0.92,x:   ,-0.4083396126347557,3.6868676607677533,-0.5627250194136756,-0.2845082623084807,1.8917640228187482,-0.46220651499712917,1.7054118864034233,-0.029045095026215443,-1.236637734068464,0.06358035700163707,-0.4320056399522458,-0.024802953318391028,-0.022128703117455625,0.010630530270785522,-1.2231694843470498,0.6011055144229005,-1.8242749987699503
Time:,0.93,x:   ,-0.40378910159953046,3.6809925471970932,-0.5622089283946013,-0.2937684781471162,1.8977175490726148,-0.46856541802052787,1.8194033318299492,-0.02909140197631794,-1.3425279435088378,0.07104802570091491,-0.4441273179965301,-0.026256659153261634,-0.01935901642520619,0.010771711602795303,-1.221720265642661,0.6768279762220766,-1.8985482418647375
Time:,0.9400000000000001,x:   ,-0.3997580580299184,3.67314443721241,-0.5622042325779267,-0.29920572599251993,1.903333886348966,-0.4683516670091628,1.9377244703616947,-0.029148954808712404,-1.4465896580394393,0.07814162041686326,-0.4550135115302493,-0.027195802117626254,-0.01661509304439733,0.010814081174860742,-1.22024125216494,0.7670836416490008,-1.9873248938139407
Time:,0.9500000000000001,x:   ,-0.3962431771268505,3.663333709849188,-0.5626798324414318,-0.3007896552217867,1.9083935938728285,-0.46132828290737865,2.059225059079378,-0.029227217814318678,-1.548674271157698,0.0846831554290122,-0.46486082642138327,-0.02758946479113972,-0.014022080377125564,0.010754335974654212,-1.2186514035056615,0.8716990903579036,-2.090350493863565
Time:,0.96,x:   ,-0.39324466293607885,3.6515731624683947,-0.5636014834212778,-0.29849556084805734,1.9126383766784785,-0.4472307808493792,2.182738099898806,-0.02933154590945322,-1.6486299080079656,0.09049506241786572,-0.473878975800787,-0.02740812005504813,-0.011707888699905088,0.010593110619404331,-1.2168727243354818,0.9902067579887858,-2.2070794823242674
Time:,0.97,x:   ,-0.39076889944395876,3.6378770038120836,-0.564936478830247,-0.29230306358061375,1.9157827077087974,-0.4257958260094635,2.307180260023264,-0.02946477102599642,-1.7463018621668158,0.09540100313953129,-0.4822847184055936,-0.02662143975847169,-0.009800738525549345,0.010336257406470394,-1.214827999821043,1.1218243720324774,-2.3366523718535204
Time:,0.98,x:   ,-0.3888311221770898,3.622260962962512,-0.5666597454770781,-0.2822000462235974,1.9175293937851392,-0.3967998629072029,2.4316342018346133,-0.029630182908215376,-1.8415337280871618,0.0992282489233402,-0.4902942628556141,-0.025196417949793843,-0.008424630282585558,0.009995824932009834,-1.2124394788303345,1.2654194286706522,-2.4778589075009867
Time:,0.99,x:   ,-0.38745773211466206,3.6047440561810014,-0.5687606616146252,-0.26819303923204835,1.9175897325851232,-0.3601048873288916,2.5554119404613655,-0.02983505053002992,-1.9341684164014705,0.10181157179301561,-0.4981130467734119,-0.023096765514547767,-0.007691233314191675,0.009590183882730259,-1.209633419263174,1.4194585963726725,-2.6290920156358464
