Grav Comp,0.0,dT,0.01,Substep Number,20
Time,State History
Time:,0.0,x:   ,0.0,0.261799387799149,3.141592653589793,4.014257279586958,0.0,0.959931088596881,1.570796326794897,0.0,0.0,0.0,0.0,0.0,0.0,0.0,29.655491285831353,0.0,29.655491285831353
Time:,0.01,x:   ,0.0001587392982185308,0.26256524440389406,3.1413803305153984,4.013357878222827,-0.00015394579074395624,0.9607165570851686,1.571255677890797,-2.743596530773432e-07,0.08725682037348444,0.0009153761784895198,-0.04481207469281162,-3.698096056777781e-07,-0.009682746480612544,-1.3658641876902572e-05,29.655493661389123,0.00993601063832051,29.645557650750803
Time:,0.02,x:   ,0.0006327061530350968,0.26486815924204027,3.14074517937049,4.01066511480243,-0.0006150496337238568,0.9630565114328146,1.5726353954300263,-2.1922728944976017e-06,0.17454921679945784,0.001852732630856511,-0.08931309089153565,-6.461434287617769e-06,-0.019375627987156082,-2.6390621862941475e-05,29.65551490928614,0.03976807200150235,29.615746837284636
Time:,0.03,x:   ,0.0014147936507208532,0.26872432676669145,3.139693078806727,4.006198047030456,-0.0013819517611728697,0.9668959059932454,1.5749445936810673,-7.337267284053864e-06,0.26195000661868906,0.0028398654269374897,-0.13310575322926865,-2.5087416161359336e-05,-0.029089380873214356,-3.707104804415831e-05,29.655573178342852,0.08953981031407085,29.56603336802878
Time:,0.04,x:   ,0.002492616384948878,0.2741608168554358,3.1382345896351596,3.9999921679721293,-0.0024535256052432126,0.9721353896474515,1.578203466598242,-1.7131282097392133e-05,0.349532210331783,0.0039053528097413416,-0.17578697358870074,-6.321096440511424e-05,-0.038834895714947304,-4.452130093856333e-05,29.65568498614438,0.15930585302807554,29.496379133116303
Time:,0.05,x:   ,0.0038483607546535193,0.28121523260489006,3.1363854304698733,3.9920996237384925,-0.003828907437212593,0.9786313115385833,1.5824419621007202,-3.271900983992732e-05,0.4373694623531336,0.005078864839825618,-0.21694562151995533,-0.00012802546942799188,-0.04862315206809284,-4.7478555943127026e-05,29.655864212315244,0.24913419599850378,29.40673001631674
Time:,0.06,x:   ,0.005458643185027236,0.2899352026803665,3.134167086139058,3.982589539483897,-0.005507497193771007,0.9861958847507305,1.5876976200249666,-5.483387620121787e-05,0.5255364524652617,0.006391331368749564,-0.25616080253366746,-0.00022699513117007216,-0.058464972811609145,-4.4575290291750984e-05,29.656120988778216,0.35911013195542296,29.297010856822794
Time:,0.07,x:   ,0.0072944414956498775,0.3003776949460789,3.1316074913421046,3.9715484794334834,-0.007488862447287752,0.9945975742481118,1.594012218158785,-8.364013945879603e-05,0.6141094072454064,0.007874917412908147,-0.29300086605673437,-0.0003678384124011287,-0.06837051515778209,-3.4335468959309003e-05,29.656460486916938,0.48934185583355305,29.167118631083383
Time:,0.08,x:   ,0.009321176125216825,0.31260813558636713,3.1287417174338636,3.959081069471379,-0.009772464708902624,1.0035617992798214,1.601426760190026,-0.00011854737171165453,0.7031666175371041,0.009562758979485548,-0.32702334668677663,-0.000558434186208258,-0.07834840516994573,-1.5197336466161592e-05,29.65688163518566,0.639967916966908,29.016913718218753
Time:,0.09,x:   ,0.011499020656893058,0.3266993166389697,3.125612580890413,3.945310809566787,-0.012357120974507623,1.0127720650160537,1.6099742511716035,-0.00015799665941316986,0.7927890120330191,0.011488421286548346,-0.3577760376319845,-0.0008066297295187293,-0.08840441417326668,1.442313038645253e-05,29.657375844180454,0.8111667372321646,28.84620910694829
Time:,0.1,x:   ,0.01378351231408333,0.34273007570135094,3.1222710906861284,3.930381096434039,-0.015240114311660327,1.0218716635075118,1.61966968223814,-0.00019922269358602576,0.883060767285329,0.01368505660675988,-0.384799379202536,-0.001119930968538227,-0.09853957259987714,5.600953573309662e-05,29.657925866367286,1.0031684471390474,28.65475741922824
Time:,0.11,x:   ,0.016126511140029255,0.36078373568638494,3.1187766605266494,3.914456462599173,-0.01841587720212732,1.030466110173917,1.630496765880598,-0.0002380029085770905,0.9740699303419823,0.016184261391606853,-0.40763031225299706,-0.001505059253777267,-0.10874762468267567,0.00011074103154886778,29.658504967377983,1.2162692912964135,28.44223567608157
Time:,0.12,x:   ,0.018477521729078607,0.38094630116968553,3.1151970309049437,3.897724014793173,-0.021874195111204597,1.0381265092482614,1.6423913521889144,-0.00026841416327064795,1.0659090118161605,0.019014661466816202,-0.4258076906852218,-0.0019673657505474046,-0.11901175243514175,0.00017918510235859464,29.659076622874245,1.4508487958039815,28.208227827070264
Time:,0.13,x:   ,0.02078534639925975,0.40330442224409896,3.1116078728545187,3.8803950209912195,-0.0255979247121444,1.0443940709774695,1.655222275733406,-0.00028262892736987256,1.1586754858532327,0.022200288000671774,-0.43887926409002903,-0.002510104363199881,-0.12930054711492459,0.00026087427592804546,29.659594962447116,1.7073897415128687,27.952205220934246
Time:,0.14,x:   ,0.022999988639230917,0.42794315747084793,3.1080920744460725,3.862706551109928,-0.029560304931640656,1.0487860360966421,1.668771757966883,-0.00027079566896874026,1.2524721122128373,0.02575884198653996,-0.4464101310575646,-0.0031335772773156286,-0.13956328897706166,0.0003537781392747569,29.66000614031722,1.9865007151296041,27.673505425187614
Time:,0.15,x:   ,0.025074677138357503,0.4549435938324029,3.1047387336943815,3.844923022950777,-0.0337220717983623,1.0508032963843457,1.6827193476505122,-0.0002210603181411087,1.3474069794739079,0.02969997554130115,-0.44799243284303136,-0.0038341849379017055,-0.14972471861200498,0.0004537277405670914,29.660250705342303,2.288940588764736,27.37131011657757
Time:,0.16,x:   ,0.026967841099400838,0.4843804107403594,3.1016418861987813,3.82733744743913,-0.038028766932093304,1.0499400166789001,1.6966352009562777,-0.00011979417854149222,1.443593163144548,0.03402373657450891,-0.44325592331748365,-0.004603437050486701,-0.1596796479773121,0.0005539159819281553,29.660266866702433,2.6156437056426967,27.044623161059736
Time:,0.17,x:   ,0.028644844760309908,0.516319501372543,3.098898970558669,3.810272115639523,-0.04240881525106829,1.0456955163646242,1.7099891476931837,4.7906419977665226e-05,1.5411479024324926,0.038719319565279305,-0.43187894159622586,-0.005427015342672227,-0.16928795777930042,0.0006446681094819287,29.65999432834755,2.9677438669787835,26.69225046136877
Time:,0.18,x:   ,0.030079291669240917,0.550815779282505,3.096608972183805,3.7940784404023113,-0.04677305272492687,1.0375884747372517,1.722179988954703,0.0002973991578392464,1.6401912230426865,0.043764229976523544,-0.41359926004981334,-0.006284020580187024,-0.17837073194835362,0.0007137114939978653,29.659378148102707,3.3465945201387206,26.312783627963988
Time:,0.19,x:   ,0.031253745226995644,0.5879112919624027,3.0948700938657656,3.7791356776353506,-0.05101629889542141,1.025173101735555,1.7325840566918613,0.0006433437827793156,1.7408439616765847,0.0491239006411779,-0.38822431026881926,-0.007146574741291502,-0.1867084367458538,0.0007471224056733546,29.658371941573208,3.753781982933456,25.90458995863975
Time:,0.2,x:   ,0.03215978424808251,0.6276337301968399,3.093776711375619,3.76584832339816,-0.055021231119644534,1.0080562648927194,1.7406145697926552,0.001098279584848664,1.8432251705194818,0.05475170860949408,-0.3556404200884387,-0.00797996400745731,-0.19404209234079003,0.0007309633917818197,29.65693976842947,4.191128249937222,25.46581151849225
Time:,0.21,x:   ,0.03279741209462461,0.6699953654266435,3.0934153410149934,3.7546421192404416,-0.058664295869286925,0.9859138495205679,1.745777467021439,0.0016710879293271052,1.9474488962198382,0.06058926471499577,-0.31582092826885544,-0.008743480604252656,-0.20007824781666275,0.000653390645836342,29.655056253115724,4.660680024051174,24.99437622906455
Time:,0.22,x:   ,0.03317394217933892,0.7149923790807052,3.0938594353640765,3.7459587888965946,-0.061822874838669925,0.9585041344162876,1.747709206391934,0.002365591601991083,2.0536203488697384,0.06656683084979194,-0.26883335709837874,-0.009392052164383796,-0.20449823097017975,0.0005068172037728635,29.65270491026351,5.1646811594635285,24.488023750799982
Time:,0.23,x:   ,0.033302560538688485,0.7626044848090259,3.0951630676170767,3.7402498512238966,-0.06438259991511534,0.9256758921935263,1.746188479152343,0.0031795978753304,2.161831509623578,0.07260379167823526,-0.21484615152641606,-0.009878661878917217,-0.20697161814806933,0.0002896738763641111,29.649875227150087,5.705526700602292,23.944348526547795
Time:,0.24,x:   ,0.033200793475264445,0.812794702687705,3.0973539436050808,3.737970080470329,-0.06624365219650219,0.8873692127109704,1.741123584153487,0.004104664478487985,2.272156258676092,0.07860925636874173,-0.15413572820162852,-0.010157490956452273,-0.20717320261365538,7.436268508888011e-06,29.646559693261096,6.285698100727538,23.36086159253356
Time:,0.25,x:   ,0.03288907876209849,0.8655091378134756,3.100426614512574,3.739571391171381,-0.06732503374235549,0.8436074233170098,1.7325252038604568,0.005126739640458534,2.3846451172734664,0.08448303379578333,-0.08709461265926098,-0.010187657630196764,-0.20480200175091037,-0.0003271982450745927,29.64275248892024,6.907680874796237,22.735071614124003
Time:,0.26,x:   ,0.03238956594045273,0.9206766603714858,3.1043371305247613,3.7454980841559657,-0.06756607051269793,0.7944786951592181,1.720477304539989,0.006227621624067108,2.4993196872665258,0.09011733115670276,-0.014241241448493371,-0.009937347045213532,-0.19960013589573888,-0.000694906953826143,29.638451780741477,7.573867737005796,22.06458404373568
Time:,0.27,x:   ,0.031725180571138996,0.9782085019174063,3.109000539602971,3.7561844604954966,-0.06692468924494209,0.7401059982057386,1.7051170675149898,0.007386958850605831,2.616166871530058,0.09539950488994524,0.06376836603467097,-0.009387980973443184,-0.19136887990555898,-0.0010709282470989937,29.633667424283686,8.286452129726394,21.34721529455729
Time:,0.28,x:   ,0.03091890754639764,1.037997998008207,3.114292474466029,3.772055726329936,-0.06537217877940626,0.6806043434186895,1.6866304558707956,0.00858434525159904,2.7351330175366986,0.10021602263361579,0.1461272684638538,-0.008537869365940141,-0.1799790209080227,-0.0014266286347734958,29.628435318479475,9.047319029052352,20.581116289427122
Time:,0.29,x:   ,0.02999320454465392,1.0999210349707869,3.1200555008385233,3.7935327921704,-0.06288408616093132,0.6160253124598833,1.6652656339780054,0.009801026510336408,2.856118282660325,0.10445751695431268,0.23186310622383874,-0.0074045989628167795,-0.1653730745301694,-0.001731255370897028,29.622838668473282,9.85794209791272,19.764896570560563
Time:,0.3,x:   ,0.02896946743924273,1.1638381755895586,3.126109894786601,3.8210409529729503,-0.05942676986066555,0.5462913600314928,1.6413637151784797,0.01102086650441066,2.97897177254111,0.10802453936775948,0.31982309447723856,-0.006025375431832383,-0.14755814869117945,-0.001953704974755847,29.617034902704702,10.71929848459509,18.897736418109613
Time:,0.31,x:   ,0.027867546500169243,1.2295998497146854,3.1322671587725113,3.8550215269185157,-0.05493976632775619,0.47112670575085613,1.6154068180171324,0.01223053621184297,3.103488282779842,0.11083353526233193,0.4086591387735835,-0.004454705463901533,-0.12659048177895316,-0.0020641890381019744,29.61128475326184,11.631813989895223,17.979470763366617
Time:,0.32,x:   ,0.02670544402362007,1.297056211384067,3.138343210119801,3.8959444363774143,-0.049317241573265266,0.3899977322231486,1.588089283797128,0.013419322751737387,3.229407620718285,0.11282282101089589,0.4968136235243152,-0.002759034847381776,-0.10255597291171811,-0.002035833052735023,29.60597672892894,12.595350050100883,17.010626678828057
Time:,0.33,x:   ,0.02549942981783823,1.366073004926421,3.144167618031772,3.944318616671256,-0.042399445524712455,0.3020828114392142,1.5604306920167008,0.014579359798711847,3.3564172913535657,0.11395884996032421,0.5825062958586541,-0.0010079122487906423,-0.07555516429817766,-0.0018466407933769604,29.601635868134238,13.609237402848414,15.992398465285824
Time:,0.34,x:   ,0.02426467120171079,1.4365537084439652,3.149587035750652,4.000696322283673,-0.03399719960546082,0.20629717945204432,1.5339643559280844,0.015707190188594237,3.4841586796489525,0.11424295698005899,0.663722264160222,0.0007390816594931271,-0.04570529787801886,-0.0014830496904949851,29.59890239309738,14.672348497555017,14.926553895542362
Time:,0.35000000000000003,x:   ,0.02301573706937745,1.5084660162539287,3.1544666997537343,4.0656676195325385,-0.023980585256202794,0.10139773550638588,1.5110279240930116,0.0168070422735653,3.6122358824673246,0.11371617004391307,0.7381997932318373,0.0024495662939251687,-0.013173694209839599,-0.0009474318437996949,29.598471633926323,15.783187320524581,13.815284313401742
Time:,0.36,x:   ,0.021764939719885155,1.5818674848600123,3.1587023508329564,4.139844657426965,-0.01244129836404164,-0.013824379385190155,1.495094748776777,0.01789472835166711,3.7402254317306567,0.11245313704575927,0.8034133701101621,0.004134284804343054,0.021749950505424446,-0.0002723662028903209,29.601012578904403,16.939973694721775,12.661038884182625
Time:,0.37,x:   ,0.020515883288594744,1.6569225538212031,3.1622560317418853,4.223844616950477,0.00014540253828205238,-0.14029795318807017,1.490860361355131,0.01899912471746181,3.867684732740479,0.11053078719584666,0.8565425550367997,0.0058454531196275306,0.05855594742633408,0.0004586846045563898,29.607111136410023,18.14070194515116,11.466409191258862
Time:,0.38,x:   ,0.019253168300263707,1.7339052038411875,3.165206095603711,4.318293324244923,0.012934923322196437,-0.2784596404637989,1.503565850791376,0.020158473723008143,3.9941574586743833,0.10796943225850009,0.894414708157679,0.007638445179182631,0.09643365306260399,0.0010950944398754486,29.617228749123253,19.38309700900918,10.234131740114073
Time:,0.39,x:   ,0.017936684321927753,1.8131907754351588,3.167765488543046,4.423873523836524,0.02500903712036166,-0.42816837254535983,1.5372411109030697,0.021413853836308623,4.119175495141396,0.10467969279020922,0.9134174029278872,0.0095056323843942,0.13425364896566247,0.0014312751806595143,29.631490689122067,20.664253693172522,8.967236995949545
Time:,0.4,x:   ,0.016509836722016686,1.895249979594535,3.1702347610096764,4.541421388167776,0.03575545018869441,-0.5887583730585587,1.5924216185654678,0.022804331067578766,4.242256479011051,0.10046769289835306,0.9093925845746381,0.01133094820904954,0.17062525302721096,0.001267888806632433,29.6490405126284,21.97971239744447,7.669328115183929
Time:,0.41000000000000003,x:   ,0.014919357597583609,1.9806567975699327,3.1729302435556623,4.672055628371964,0.04501491475180677,-0.7591369546055946,1.6647956174149774,0.024352437748141015,4.362888202254958,0.09511868779026238,0.8775345404775786,0.012902381363667578,0.20401369974407024,0.0005052385246874634,29.666821149714224,23.32183632926257,6.3449848204516535
Time:,0.42,x:   ,0.013135876468697426,2.070114653945279,3.1761591750962745,4.817339250488624,0.05299752678750504,-0.9377881030842931,1.7461504756188,0.026011094505236882,4.480488180052533,0.08853688374176788,0.8123064306591085,0.013974296170306278,0.23291677063575358,-0.0007936280050904446,29.677323056591174,24.67695995051427,5.000363106076904
Time:,0.43,x:   ,0.011172561242489174,2.1645071752015523,3.1802620590050035,4.9795106989298095,0.06020241692863215,-1.1225429183212898,1.8273384881448025,0.027572516221035015,4.594349479921572,0.08089810450308269,0.7073822538702078,0.014357618649359685,0.2561287290311618,-0.002418852599187866,29.66307336913614,26.018893636242044,3.644179732894095
Time:,0.44,x:   ,0.009117098107936268,2.2649847171120063,3.1857093219849255,5.1618286000069515,0.06742738971773175,-1.3099281212446328,1.9011649768338694,0.028578752040047162,4.703593212417576,0.07278742216307368,0.5557238383887386,0.013998820496774544,0.2731411468370701,-0.0040854598813431005,29.581871599518337,27.292327533636627,2.2895440658817092
Time:,0.45,x:   ,0.0072222252595994735,2.3730688344926643,3.1932679561076545,5.368984378625962,0.07585834457068105,-1.4936341600210525,1.9635928208081914,0.028222745017979396,4.807104249616088,0.06537050100426121,0.35040148198668103,0.013000620835316204,0.2847601454770695,-0.005511724649160766,29.329481884465693,28.371664633111177,0.9578172513545167
Time:,0.46,x:   ,0.006178482093699673,2.4905864724537325,3.2042513975685485,5.607036317380345,0.08739744668499227,-1.6608577760656824,2.0130423082755047,0.0251645083426118,4.903380231674731,0.06075244981492873,0.08857895838796268,0.01160190722839775,0.29394808348757917,-0.006502849289752402,28.66029665748969,28.973127131085004,-0.3128304735953147
Time:,0.47000000000000003,x:   ,0.007813833384696723,2.61855226413231,3.220444483682612,5.880042674010623,0.10581419415884091,-1.7842644205365579,2.0462186003956884,0.017438980973421198,4.99022288217146,0.06308939798976303,-0.2137411310779473,0.010197812096780105,0.30569147137186903,-0.0071191857906497714,27.152508317667372,28.60388953882603,-1.4513812211586605
Time:,0.48,x:   ,0.015506364766092228,2.753142676668935,3.2413732079481306,6.176179316839206,0.13912097213882035,-1.8143641501869168,2.0459604649857437,0.0040734518415915105,5.065050220190374,0.08186986500886381,-0.49382688551336923,0.008775795761882194,0.31887543690619347,-0.007954748412893776,24.897962392315673,27.248476381077502,-2.3505139887618305
Time:,0.49,x:   ,0.029858569986418455,2.8835371534072203,3.259755379595989,6.455088050551598,0.1949642460301286,-1.7072960805929156,1.9716657516005947,-0.010258389575123608,5.128422457710504,0.12286326824299583,-0.6823342198159568,0.0034744909971542535,0.31100714770400806,-0.009495924544271825,23.189755163283294,26.139682379777,-2.9499272164937054
Time:,0.5,x:   ,0.04586992196600012,3.002357490701082,3.26925525098526,6.679647347583601,0.2693638016735013,-1.4718661392312289,1.7906841603460297,-0.01811239515298368,5.181527518529219,0.16087767956531895,-0.8053128220245808,-0.010053163700843143,0.26466873646202127,-0.011308005831249555,21.9698023396221,25.278952581585024,-3.3091502419629255
Time:,0.51,x:   ,0.05862839112367738,3.1090095021817636,3.265708033141364,6.838796965745666,0.3596456136253472,-1.1393261653514364,1.5162093943655568,-0.017125347253033187,5.223689863743494,0.17545067912114756,-0.9120220161426299,-0.027412719499014446,0.19478375739667195,-0.014355581467260172,20.50961712865193,24.015122551189016,-3.5055054225370883
Time:,0.52,x:   ,0.06362630469367171,3.203525295993347,3.242355249661689,6.935735318295057,0.46300740564197584,-0.7293919586338427,1.1403226318584703,-0.007245410926677021,5.255507988506498,0.16659496836970744,-1.0142557858484695,-0.03974848598165509,0.13090728199431992,-0.019208275642961754,18.735772031837875,22.30922219326698,-3.5734501614291028
Time:,0.53,x:   ,0.062384420430167876,3.2845443537046055,3.1988631204708606,6.983148505562195,0.5637770169372265,-0.2652980142738944,0.6264121072982964,0.00712928398726921,5.280710193390175,0.1498757566566462,-1.100500059046822,-0.03769812170450364,0.10671728388558835,-0.022489693241233746,16.837845627158984,20.349202043040687,-3.5113564158817048
Time:,0.54,x:   ,0.06081706311055403,3.3520458848441903,3.1459873957505455,7.002928992117378,0.6373725639447853,0.19589778378118305,0.08823965775801243,0.011186740668999683,5.299278162433378,0.14991757014301743,-1.1639695788128455,-0.009521861487173999,0.14148947423386912,-0.02328493901659453,15.466463169065243,18.784644437219644,-3.3181812681544014
Time:,0.55,x:   ,0.061808798132003136,3.4085888982897408,3.097059914264764,7.00983328687533,0.6865728914623077,0.6155683560359784,-0.38874037197991973,0.0013271949125504986,5.303838508308311,0.16428331634734059,-1.2069727022372823,0.04329069629440106,0.2101834627307871,-0.021953419670433873,15.048251003574496,18.07893668694987,-3.0306856833753746
Time:,0.56,x:   ,0.06463577656464159,3.456764986524429,3.0557307046667366,7.009170970304133,0.7217796062715571,1.000444971947993,-0.8969236797755535,-0.007988280557206814,5.295848132139495,0.1725787920710032,-1.2373206308251667,0.10038885265381892,0.2812085185477295,-0.0162110759663306,14.736349737602573,17.424868231140557,-2.6885184935379836
Time:,0.5700000000000001,x:   ,0.06875458154263937,3.4985111364597565,3.0257076379083734,7.0024801963725976,0.7413948387047341,1.3460886059636739,-1.3185236073344349,-0.012152155190249477,5.2773551173352065,0.17387229169106289,-1.2616320302148427,0.1436633835580571,0.34674915651335575,-0.015771849228633752,14.36090028366271,16.684175453736934,-2.3232751700742234
Time:,0.58,x:   ,0.07422050833849315,3.5364075630187015,3.0059384891233916,6.994626852038178,0.7662945002632567,1.6519015652531732,-1.5821903086356475,-0.013660684926551385,5.250102523835644,0.1710763919155677,-1.285245974917093,0.16996822212641685,0.40292406846063433,-0.022676293762510326,14.359857095176704,16.314435518741373,-1.9545784235646695
Time:,0.59,x:   ,0.08110903749765641,3.571818672730174,2.993704818519182,6.987198859466097,0.7982091495202014,1.9325047153035153,-1.8033585835473556,-0.014678231537613525,5.214110775259996,0.1636809984942056,-1.3096831280310184,0.18561146480385507,0.44415408014092306,-0.03192764179516406,14.493556437307863,16.083824396030135,-1.5902679587222717
Time:,0.6,x:   ,0.08950536018997717,3.6054509397920067,2.987685436031159,6.980303393983429,0.8379287785047201,2.1966074005217284,-2.035787965158409,-0.01596695864463695,5.169514030551994,0.1510126148831236,-1.3354415214444693,0.1927716593201235,0.46904983404747647,-0.041686809269474795,14.697102786166699,15.932373681879227,-1.2352708957125276
Time:,0.61,x:   ,0.09958353267970808,3.6378192427837375,2.9875035509820163,6.973645419791391,0.8875728666907344,2.4496303788003675,-2.304724180424528,-0.01702168079795982,5.116216127217695,0.13140647714346892,-1.3627301242875565,0.1906114396403966,0.47693650302999646,-0.05004575277037702,14.954233217128047,15.847583395499344,-0.893350178371296
Time:,0.62,x:   ,0.11162514608635601,3.669337686023951,2.9937505318334567,6.966494089149886,0.9527847298713332,2.6989738566898076,-2.5951113732988906,-0.01746303434948739,5.053680753337562,0.10323501687156557,-1.3915820967395567,0.1767385886470712,0.4669620687446635,-0.05458783973586743,15.246127090184947,15.813621708506709,-0.567494618321762
Time:,0.63,x:   ,0.12599516155801507,3.700699963187794,3.0072369487917388,6.957765724180023,1.0466912529262964,2.9525262944517294,-2.865384339330092,-0.017968947829481177,4.981186948157244,0.06462977496864887,-1.4225993665347523,0.14868378732208684,0.4355122704719762,-0.05421589257486059,15.529302400113568,15.789975637772978,-0.260673237659409
Time:,0.64,x:   ,0.14273777381953265,3.7328889796988607,3.0270802348203465,6.9439594363899975,1.1765973380369374,3.2107537676305435,-3.1119420687460173,-0.018780656617149536,4.897165383017835,0.012970360862927924,-1.4567271583641659,0.1031414148079606,0.3814649585211778,-0.04974118109499265,15.709134514786616,15.6837601183998,0.0253743963868156
Time:,0.65,x:   ,0.16050320149390349,3.7664023055108986,3.048485429957595,6.919817571190985,1.3256558213477045,3.469000423574391,-3.3778420268211695,-0.020200576062897303,4.799665967426816,-0.050152491818481304,-1.4932593296631986,0.040616349796604584,0.3160645565927003,-0.04257229180123781,15.634964162490178,15.344464857725166,0.2904993047650122
Time:,0.66,x:   ,0.17633026448614342,3.8003427581877633,3.061946921857834,6.881437985771733,1.4791292363222708,3.7132663022473933,-3.7140511632017468,-0.02331314408433126,4.692154753921997,-0.11331256168319882,-1.5309913727002509,-0.026427452028625335,0.2567776254125975,-0.0344802237592034,15.255837294696931,14.720302522899132,0.5355347717978001
Time:,0.67,x:   ,0.18780489534590225,3.832729062962113,3.0596604995285324,6.828717092727389,1.6349148419883515,3.9342990085053877,-4.11500322196218,-0.028005451711963128,4.5799638791067,-0.1631499949170297,-1.5657598195706162,-0.08176141022331511,0.21790757214846215,-0.02751569826236554,14.73423496746205,13.96751811237676,0.7667168550852912
Time:,0.68,x:   ,0.19412080272545934,3.862361515967478,3.0396053524647892,6.7669171995215605,1.7913269633086988,4.136971604957625,-4.568217738731676,-0.03174620053197237,4.4648039965519475,-0.19550895740401833,-1.592793517885419,-0.11664278521754488,0.20294608880721915,-0.022441473148428828,14.25040100478119,13.258057888235452,0.9923431165457386
Time:,0.6900000000000001,x:   ,0.19551112513960286,3.889298733861709,3.003473123599157,6.703180738194421,1.9477520349202824,4.335887576003529,-5.084975929738373,-0.03168827901114916,4.345561480270854,-0.21373091977854453,-1.6098453131022086,-0.13109559767438,0.20698564762910443,-0.017596195979891777,13.841421110157452,12.62466488915478,1.2167562210026726
Grav Comp,0.0,dT,0.01,Substep Number,20
Time:,0.0,Control Action:    ,0.0,0.0,0.0,0.0,0.0,0.0,0.0
Time:,0.01,Control Action:    ,0.0,0.0,0.0,0.0,0.0,0.0,0.0
Time:,0.02,Control Action:    ,0.0,0.0,0.0,0.0,0.0,0.0,0.0
Time:,0.03,Control Action:    ,0.0,0.0,0.0,0.0,0.0,0.0,0.0
Time:,0.04,Control Action:    ,0.0,0.0,0.0,0.0,0.0,0.0,0.0
Time:,0.05,Control Action:    ,0.0,0.0,0.0,0.0,0.0,0.0,0.0
Time:,0.06,Control Action:    ,0.0,0.0,0.0,0.0,0.0,0.0,0.0
Time:,0.07,Control Action:    ,0.0,0.0,0.0,0.0,0.0,0.0,0.0
Time:,0.08,Control Action:    ,0.0,0.0,0.0,0.0,0.0,0.0,0.0
Time:,0.09,Control Action:    ,0.0,0.0,0.0,0.0,0.0,0.0,0.0
Time:,0.1,Control Action:    ,0.0,0.0,0.0,0.0,0.0,0.0,0.0
Time:,0.11,Control Action:    ,0.0,0.0,0.0,0.0,0.0,0.0,0.0
Time:,0.12,Control Action:    ,0.0,0.0,0.0,0.0,0.0,0.0,0.0
Time:,0.13,Control Action:    ,0.0,0.0,0.0,0.0,0.0,0.0,0.0
Time:,0.14,Control Action:    ,0.0,0.0,0.0,0.0,0.0,0.0,0.0
Time:,0.15,Control Action:    ,0.0,0.0,0.0,0.0,0.0,0.0,0.0
Time:,0.16,Control Action:    ,0.0,0.0,0.0,0.0,0.0,0.0,0.0
Time:,0.17,Control Action:    ,0.0,0.0,0.0,0.0,0.0,0.0,0.0
Time:,0.18,Control Action:    ,0.0,0.0,0.0,0.0,0.0,0.0,0.0
Time:,0.19,Control Action:    ,0.0,0.0,0.0,0.0,0.0,0.0,0.0
Time:,0.2,Control Action:    ,0.0,0.0,0.0,0.0,0.0,0.0,0.0
Time:,0.21,Control Action:    ,0.0,0.0,0.0,0.0,0.0,0.0,0.0
Time:,0.22,Control Action:    ,0.0,0.0,0.0,0.0,0.0,0.0,0.0
Time:,0.23,Control Action:    ,0.0,0.0,0.0,0.0,0.0,0.0,0.0
Time:,0.24,Control Action:    ,0.0,0.0,0.0,0.0,0.0,0.0,0.0
Time:,0.25,Control Action:    ,0.0,0.0,0.0,0.0,0.0,0.0,0.0
Time:,0.26,Control Action:    ,0.0,0.0,0.0,0.0,0.0,0.0,0.0
Time:,0.27,Control Action:    ,0.0,0.0,0.0,0.0,0.0,0.0,0.0
Time:,0.28,Control Action:    ,0.0,0.0,0.0,0.0,0.0,0.0,0.0
Time:,0.29,Control Action:    ,0.0,0.0,0.0,0.0,0.0,0.0,0.0
Time:,0.3,Control Action:    ,0.0,0.0,0.0,0.0,0.0,0.0,0.0
Time:,0.31,Control Action:    ,0.0,0.0,0.0,0.0,0.0,0.0,0.0
Time:,0.32,Control Action:    ,0.0,0.0,0.0,0.0,0.0,0.0,0.0
Time:,0.33,Control Action:    ,0.0,0.0,0.0,0.0,0.0,0.0,0.0
Time:,0.34,Control Action:    ,0.0,0.0,0.0,0.0,0.0,0.0,0.0
Time:,0.35000000000000003,Control Action:    ,0.0,0.0,0.0,0.0,0.0,0.0,0.0
Time:,0.36,Control Action:    ,0.0,0.0,0.0,0.0,0.0,0.0,0.0
Time:,0.37,Control Action:    ,0.0,0.0,0.0,0.0,0.0,0.0,0.0
Time:,0.38,Control Action:    ,0.0,0.0,0.0,0.0,0.0,0.0,0.0
Time:,0.39,Control Action:    ,0.0,0.0,0.0,0.0,0.0,0.0,0.0
Time:,0.4,Control Action:    ,0.0,0.0,0.0,0.0,0.0,0.0,0.0
Time:,0.41000000000000003,Control Action:    ,0.0,0.0,0.0,0.0,0.0,0.0,0.0
Time:,0.42,Control Action:    ,0.0,0.0,0.0,0.0,0.0,0.0,0.0
Time:,0.43,Control Action:    ,0.0,0.0,0.0,0.0,0.0,0.0,0.0
Time:,0.44,Control Action:    ,0.0,0.0,0.0,0.0,0.0,0.0,0.0
Time:,0.45,Control Action:    ,0.0,0.0,0.0,0.0,0.0,0.0,0.0
Time:,0.46,Control Action:    ,0.0,0.0,0.0,0.0,0.0,0.0,0.0
Time:,0.47000000000000003,Control Action:    ,0.0,0.0,0.0,0.0,0.0,0.0,0.0
Time:,0.48,Control Action:    ,0.0,0.0,0.0,0.0,0.0,0.0,0.0
Time:,0.49,Control Action:    ,0.0,0.0,0.0,0.0,0.0,0.0,0.0
Time:,0.5,Control Action:    ,0.0,0.0,0.0,0.0,0.0,0.0,0.0
Time:,0.51,Control Action:    ,0.0,0.0,0.0,0.0,0.0,0.0,0.0
Time:,0.52,Control Action:    ,0.0,0.0,0.0,0.0,0.0,0.0,0.0
Time:,0.53,Control Action:    ,0.0,0.0,0.0,0.0,0.0,0.0,0.0
Time:,0.54,Control Action:    ,0.0,0.0,0.0,0.0,0.0,0.0,0.0
Time:,0.55,Control Action:    ,0.0,0.0,0.0,0.0,0.0,0.0,0.0
Time:,0.56,Control Action:    ,0.0,0.0,0.0,0.0,0.0,0.0,0.0
Time:,0.5700000000000001,Control Action:    ,0.0,0.0,0.0,0.0,0.0,0.0,0.0
Time:,0.58,Control Action:    ,0.0,0.0,0.0,0.0,0.0,0.0,0.0
Time:,0.59,Control Action:    ,0.0,0.0,0.0,0.0,0.0,0.0,0.0
Time:,0.6,Control Action:    ,0.0,0.0,0.0,0.0,0.0,0.0,0.0
Time:,0.61,Control Action:    ,0.0,0.0,0.0,0.0,0.0,0.0,0.0
Time:,0.62,Control Action:    ,0.0,0.0,0.0,0.0,0.0,0.0,0.0
Time:,0.63,Control Action:    ,0.0,0.0,0.0,0.0,0.0,0.0,0.0
Time:,0.64,Control Action:    ,0.0,0.0,0.0,0.0,0.0,0.0,0.0
Time:,0.65,Control Action:    ,0.0,0.0,0.0,0.0,0.0,0.0,0.0
Time:,0.66,Control Action:    ,0.0,0.0,0.0,0.0,0.0,0.0,0.0
Time:,0.67,Control Action:    ,0.0,0.0,0.0,0.0,0.0,0.0,0.0
Time:,0.68,Control Action:    ,0.0,0.0,0.0,0.0,0.0,0.0,0.0
Time:,0.6900000000000001,Control Action:    ,0.0,0.0,0.0,0.0,0.0,0.0,0.0
