Grav Comp,0.0,dT,0.005,Substep Number,1,NAN STOPPED,1,This is a reduced substep version
Time,State History
Time:,0.0,x:   ,0.0,0.261799387799149,3.141592653589793,4.014257279586958,0.0,0.959931088596881,1.570796326794897,0.0,0.0,0.0,0.0,0.0,0.0,0.0
Time:,0.005,x:   ,3.7904317467034576e-05,0.26198867294479866,3.141541425398119,4.01403631474003,-5.3902747732220284e-05,0.9600983645720014,1.5711148889672746,-1.8994905906746433e-05,0.04353386492394607,0.00048226197144441877,-0.022309831113981146,2.7031169585482917e-05,-0.004924417767480853,-0.00016609119143352433
Time:,0.01,x:   ,0.00021484001071611357,0.2625440798391935,3.141194830985127,4.013409407921554,-0.0019159113271357516,0.9602223410091681,1.5886848143878851,-0.00015864312590856825,0.08687832574685145,0.0010534901188748599,-0.044369922668766215,0.0009615229844699196,-0.00979529804564,-0.009005720859282055
Time:,0.015,x:   ,0.006387975427624134,0.2639947975551597,3.1225113622065654,4.012182946234365,-0.05273057194386009,0.9064382058488909,2.0599654610405818,-0.06948765296520687,0.11030928178006412,-0.06558370469799735,-0.04423013705980394,0.022746528297627997,0.03788950187755559,-0.2839959934407951
Time:,0.02,x:   ,0.012731517806292687,0.2870944442867299,3.119825094184368,3.8580228964355023,0.6411509807421757,1.29529044441037,14.194968902639214,3.7639264080235355,6.906085412262334,7.630300878886344,-6.598961255686555,7.470118745150405,-6.771394043097574,2.7125965225925963
Time:,0.025,x:   ,234.32662295495442,56.8139089536235,-296.3277774326418,813.3130427172647,-5370.861393684163,3455.5526857533114,16331.28400161505,-41777632.056366876,39861438.71982893,-66959107.962666206,-22160328.740591124,107775821.45829667,33418870.52288588,-105331209.14413543
Time:,0.03,x:   ,7.407338105002552e+58,5.509896891630361e+58,-8.95067216739444e+58,-3.6632134609134686e+59,-1.1112900637722372e+60,4.4716905662511e+59,-3.1466270248166688e+60,2.053424618967384e+120,-4.251065085219875e+120,3.404165855194009e+120,-2.5605159533652737e+119,6.124839380047499e+120,-1.3283820964089011e+121,-1.6210946995544985e+120
Time:,0.035,x:   ,0.0,0.0,0.0,0.0,0.0,0.0,0.0,0.0,0.0,0.0,0.0,0.0,0.0,0.0
Time:,0.04,x:   ,0.0,0.0,0.0,0.0,0.0,0.0,0.0,0.0,0.0,0.0,0.0,0.0,0.0,0.0
Time:,0.045,x:   ,0.0,0.0,0.0,0.0,0.0,0.0,0.0,0.0,0.0,0.0,0.0,0.0,0.0,0.0
Time:,0.05,x:   ,0.0,0.0,0.0,0.0,0.0,0.0,0.0,0.0,0.0,0.0,0.0,0.0,0.0,0.0
Time:,0.055,x:   ,0.0,0.0,0.0,0.0,0.0,0.0,0.0,0.0,0.0,0.0,0.0,0.0,0.0,0.0
Time:,0.06,x:   ,0.0,0.0,0.0,0.0,0.0,0.0,0.0,0.0,0.0,0.0,0.0,0.0,0.0,0.0
Time:,0.065,x:   ,0.0,0.0,0.0,0.0,0.0,0.0,0.0,0.0,0.0,0.0,0.0,0.0,0.0,0.0
Time:,0.07,x:   ,0.0,0.0,0.0,0.0,0.0,0.0,0.0,0.0,0.0,0.0,0.0,0.0,0.0,0.0
Time:,0.075,x:   ,0.0,0.0,0.0,0.0,0.0,0.0,0.0,0.0,0.0,0.0,0.0,0.0,0.0,0.0
Time:,0.08,x:   ,0.0,0.0,0.0,0.0,0.0,0.0,0.0,0.0,0.0,0.0,0.0,0.0,0.0,0.0
Time:,0.085,x:   ,0.0,0.0,0.0,0.0,0.0,0.0,0.0,0.0,0.0,0.0,0.0,0.0,0.0,0.0
Time:,0.09,x:   ,0.0,0.0,0.0,0.0,0.0,0.0,0.0,0.0,0.0,0.0,0.0,0.0,0.0,0.0
Time:,0.095,x:   ,0.0,0.0,0.0,0.0,0.0,0.0,0.0,0.0,0.0,0.0,0.0,0.0,0.0,0.0
Time:,0.1,x:   ,0.0,0.0,0.0,0.0,0.0,0.0,0.0,0.0,0.0,0.0,0.0,0.0,0.0,0.0
Time:,0.105,x:   ,0.0,0.0,0.0,0.0,0.0,0.0,0.0,0.0,0.0,0.0,0.0,0.0,0.0,0.0
Time:,0.11,x:   ,0.0,0.0,0.0,0.0,0.0,0.0,0.0,0.0,0.0,0.0,0.0,0.0,0.0,0.0
Time:,0.115,x:   ,0.0,0.0,0.0,0.0,0.0,0.0,0.0,0.0,0.0,0.0,0.0,0.0,0.0,0.0
Time:,0.12,x:   ,0.0,0.0,0.0,0.0,0.0,0.0,0.0,0.0,0.0,0.0,0.0,0.0,0.0,0.0
Time:,0.125,x:   ,0.0,0.0,0.0,0.0,0.0,0.0,0.0,0.0,0.0,0.0,0.0,0.0,0.0,0.0
Time:,0.13,x:   ,0.0,0.0,0.0,0.0,0.0,0.0,0.0,0.0,0.0,0.0,0.0,0.0,0.0,0.0
Time:,0.135,x:   ,0.0,0.0,0.0,0.0,0.0,0.0,0.0,0.0,0.0,0.0,0.0,0.0,0.0,0.0
Time:,0.14,x:   ,0.0,0.0,0.0,0.0,0.0,0.0,0.0,0.0,0.0,0.0,0.0,0.0,0.0,0.0
Time:,0.145,x:   ,0.0,0.0,0.0,0.0,0.0,0.0,0.0,0.0,0.0,0.0,0.0,0.0,0.0,0.0
Time:,0.15,x:   ,0.0,0.0,0.0,0.0,0.0,0.0,0.0,0.0,0.0,0.0,0.0,0.0,0.0,0.0
Time:,0.155,x:   ,0.0,0.0,0.0,0.0,0.0,0.0,0.0,0.0,0.0,0.0,0.0,0.0,0.0,0.0
Time:,0.16,x:   ,0.0,0.0,0.0,0.0,0.0,0.0,0.0,0.0,0.0,0.0,0.0,0.0,0.0,0.0
Time:,0.165,x:   ,0.0,0.0,0.0,0.0,0.0,0.0,0.0,0.0,0.0,0.0,0.0,0.0,0.0,0.0
Time:,0.17,x:   ,0.0,0.0,0.0,0.0,0.0,0.0,0.0,0.0,0.0,0.0,0.0,0.0,0.0,0.0
Time:,0.17500000000000002,x:   ,0.0,0.0,0.0,0.0,0.0,0.0,0.0,0.0,0.0,0.0,0.0,0.0,0.0,0.0
Time:,0.18,x:   ,0.0,0.0,0.0,0.0,0.0,0.0,0.0,0.0,0.0,0.0,0.0,0.0,0.0,0.0
Time:,0.185,x:   ,0.0,0.0,0.0,0.0,0.0,0.0,0.0,0.0,0.0,0.0,0.0,0.0,0.0,0.0
Time:,0.19,x:   ,0.0,0.0,0.0,0.0,0.0,0.0,0.0,0.0,0.0,0.0,0.0,0.0,0.0,0.0
Time:,0.195,x:   ,0.0,0.0,0.0,0.0,0.0,0.0,0.0,0.0,0.0,0.0,0.0,0.0,0.0,0.0
Time:,0.2,x:   ,0.0,0.0,0.0,0.0,0.0,0.0,0.0,0.0,0.0,0.0,0.0,0.0,0.0,0.0
Time:,0.20500000000000002,x:   ,0.0,0.0,0.0,0.0,0.0,0.0,0.0,0.0,0.0,0.0,0.0,0.0,0.0,0.0
Time:,0.21,x:   ,0.0,0.0,0.0,0.0,0.0,0.0,0.0,0.0,0.0,0.0,0.0,0.0,0.0,0.0
Time:,0.215,x:   ,0.0,0.0,0.0,0.0,0.0,0.0,0.0,0.0,0.0,0.0,0.0,0.0,0.0,0.0
Time:,0.22,x:   ,0.0,0.0,0.0,0.0,0.0,0.0,0.0,0.0,0.0,0.0,0.0,0.0,0.0,0.0
Time:,0.225,x:   ,0.0,0.0,0.0,0.0,0.0,0.0,0.0,0.0,0.0,0.0,0.0,0.0,0.0,0.0
Time:,0.23,x:   ,0.0,0.0,0.0,0.0,0.0,0.0,0.0,0.0,0.0,0.0,0.0,0.0,0.0,0.0
Time:,0.23500000000000001,x:   ,0.0,0.0,0.0,0.0,0.0,0.0,0.0,0.0,0.0,0.0,0.0,0.0,0.0,0.0
Time:,0.24,x:   ,0.0,0.0,0.0,0.0,0.0,0.0,0.0,0.0,0.0,0.0,0.0,0.0,0.0,0.0
Time:,0.245,x:   ,0.0,0.0,0.0,0.0,0.0,0.0,0.0,0.0,0.0,0.0,0.0,0.0,0.0,0.0
Time:,0.25,x:   ,0.0,0.0,0.0,0.0,0.0,0.0,0.0,0.0,0.0,0.0,0.0,0.0,0.0,0.0
Time:,0.255,x:   ,0.0,0.0,0.0,0.0,0.0,0.0,0.0,0.0,0.0,0.0,0.0,0.0,0.0,0.0
Time:,0.26,x:   ,0.0,0.0,0.0,0.0,0.0,0.0,0.0,0.0,0.0,0.0,0.0,0.0,0.0,0.0
Time:,0.265,x:   ,0.0,0.0,0.0,0.0,0.0,0.0,0.0,0.0,0.0,0.0,0.0,0.0,0.0,0.0
Time:,0.27,x:   ,0.0,0.0,0.0,0.0,0.0,0.0,0.0,0.0,0.0,0.0,0.0,0.0,0.0,0.0
Time:,0.275,x:   ,0.0,0.0,0.0,0.0,0.0,0.0,0.0,0.0,0.0,0.0,0.0,0.0,0.0,0.0
Time:,0.28,x:   ,0.0,0.0,0.0,0.0,0.0,0.0,0.0,0.0,0.0,0.0,0.0,0.0,0.0,0.0
Time:,0.28500000000000003,x:   ,0.0,0.0,0.0,0.0,0.0,0.0,0.0,0.0,0.0,0.0,0.0,0.0,0.0,0.0
Time:,0.29,x:   ,0.0,0.0,0.0,0.0,0.0,0.0,0.0,0.0,0.0,0.0,0.0,0.0,0.0,0.0
Time:,0.295,x:   ,0.0,0.0,0.0,0.0,0.0,0.0,0.0,0.0,0.0,0.0,0.0,0.0,0.0,0.0
Time:,0.3,x:   ,0.0,0.0,0.0,0.0,0.0,0.0,0.0,0.0,0.0,0.0,0.0,0.0,0.0,0.0
Time:,0.305,x:   ,0.0,0.0,0.0,0.0,0.0,0.0,0.0,0.0,0.0,0.0,0.0,0.0,0.0,0.0
Time:,0.31,x:   ,0.0,0.0,0.0,0.0,0.0,0.0,0.0,0.0,0.0,0.0,0.0,0.0,0.0,0.0
Time:,0.315,x:   ,0.0,0.0,0.0,0.0,0.0,0.0,0.0,0.0,0.0,0.0,0.0,0.0,0.0,0.0
Time:,0.32,x:   ,0.0,0.0,0.0,0.0,0.0,0.0,0.0,0.0,0.0,0.0,0.0,0.0,0.0,0.0
Time:,0.325,x:   ,0.0,0.0,0.0,0.0,0.0,0.0,0.0,0.0,0.0,0.0,0.0,0.0,0.0,0.0
Time:,0.33,x:   ,0.0,0.0,0.0,0.0,0.0,0.0,0.0,0.0,0.0,0.0,0.0,0.0,0.0,0.0
Time:,0.335,x:   ,0.0,0.0,0.0,0.0,0.0,0.0,0.0,0.0,0.0,0.0,0.0,0.0,0.0,0.0
Time:,0.34,x:   ,0.0,0.0,0.0,0.0,0.0,0.0,0.0,0.0,0.0,0.0,0.0,0.0,0.0,0.0
Time:,0.34500000000000003,x:   ,0.0,0.0,0.0,0.0,0.0,0.0,0.0,0.0,0.0,0.0,0.0,0.0,0.0,0.0
Time:,0.35000000000000003,x:   ,0.0,0.0,0.0,0.0,0.0,0.0,0.0,0.0,0.0,0.0,0.0,0.0,0.0,0.0
Time:,0.355,x:   ,0.0,0.0,0.0,0.0,0.0,0.0,0.0,0.0,0.0,0.0,0.0,0.0,0.0,0.0
Time:,0.36,x:   ,0.0,0.0,0.0,0.0,0.0,0.0,0.0,0.0,0.0,0.0,0.0,0.0,0.0,0.0
Time:,0.365,x:   ,0.0,0.0,0.0,0.0,0.0,0.0,0.0,0.0,0.0,0.0,0.0,0.0,0.0,0.0
Time:,0.37,x:   ,0.0,0.0,0.0,0.0,0.0,0.0,0.0,0.0,0.0,0.0,0.0,0.0,0.0,0.0
Time:,0.375,x:   ,0.0,0.0,0.0,0.0,0.0,0.0,0.0,0.0,0.0,0.0,0.0,0.0,0.0,0.0
Time:,0.38,x:   ,0.0,0.0,0.0,0.0,0.0,0.0,0.0,0.0,0.0,0.0,0.0,0.0,0.0,0.0
Time:,0.385,x:   ,0.0,0.0,0.0,0.0,0.0,0.0,0.0,0.0,0.0,0.0,0.0,0.0,0.0,0.0
Time:,0.39,x:   ,0.0,0.0,0.0,0.0,0.0,0.0,0.0,0.0,0.0,0.0,0.0,0.0,0.0,0.0
Time:,0.395,x:   ,0.0,0.0,0.0,0.0,0.0,0.0,0.0,0.0,0.0,0.0,0.0,0.0,0.0,0.0
Time:,0.4,x:   ,0.0,0.0,0.0,0.0,0.0,0.0,0.0,0.0,0.0,0.0,0.0,0.0,0.0,0.0
Time:,0.405,x:   ,0.0,0.0,0.0,0.0,0.0,0.0,0.0,0.0,0.0,0.0,0.0,0.0,0.0,0.0
Time:,0.41000000000000003,x:   ,0.0,0.0,0.0,0.0,0.0,0.0,0.0,0.0,0.0,0.0,0.0,0.0,0.0,0.0
Time:,0.41500000000000004,x:   ,0.0,0.0,0.0,0.0,0.0,0.0,0.0,0.0,0.0,0.0,0.0,0.0,0.0,0.0
Time:,0.42,x:   ,0.0,0.0,0.0,0.0,0.0,0.0,0.0,0.0,0.0,0.0,0.0,0.0,0.0,0.0
Time:,0.425,x:   ,0.0,0.0,0.0,0.0,0.0,0.0,0.0,0.0,0.0,0.0,0.0,0.0,0.0,0.0
Time:,0.43,x:   ,0.0,0.0,0.0,0.0,0.0,0.0,0.0,0.0,0.0,0.0,0.0,0.0,0.0,0.0
Time:,0.435,x:   ,0.0,0.0,0.0,0.0,0.0,0.0,0.0,0.0,0.0,0.0,0.0,0.0,0.0,0.0
Time:,0.44,x:   ,0.0,0.0,0.0,0.0,0.0,0.0,0.0,0.0,0.0,0.0,0.0,0.0,0.0,0.0
Time:,0.445,x:   ,0.0,0.0,0.0,0.0,0.0,0.0,0.0,0.0,0.0,0.0,0.0,0.0,0.0,0.0
Time:,0.45,x:   ,0.0,0.0,0.0,0.0,0.0,0.0,0.0,0.0,0.0,0.0,0.0,0.0,0.0,0.0
Time:,0.455,x:   ,0.0,0.0,0.0,0.0,0.0,0.0,0.0,0.0,0.0,0.0,0.0,0.0,0.0,0.0
Time:,0.46,x:   ,0.0,0.0,0.0,0.0,0.0,0.0,0.0,0.0,0.0,0.0,0.0,0.0,0.0,0.0
Time:,0.465,x:   ,0.0,0.0,0.0,0.0,0.0,0.0,0.0,0.0,0.0,0.0,0.0,0.0,0.0,0.0
Time:,0.47000000000000003,x:   ,0.0,0.0,0.0,0.0,0.0,0.0,0.0,0.0,0.0,0.0,0.0,0.0,0.0,0.0
Time:,0.47500000000000003,x:   ,0.0,0.0,0.0,0.0,0.0,0.0,0.0,0.0,0.0,0.0,0.0,0.0,0.0,0.0
Time:,0.48,x:   ,0.0,0.0,0.0,0.0,0.0,0.0,0.0,0.0,0.0,0.0,0.0,0.0,0.0,0.0
Time:,0.485,x:   ,0.0,0.0,0.0,0.0,0.0,0.0,0.0,0.0,0.0,0.0,0.0,0.0,0.0,0.0
Time:,0.49,x:   ,0.0,0.0,0.0,0.0,0.0,0.0,0.0,0.0,0.0,0.0,0.0,0.0,0.0,0.0
Time:,0.495,x:   ,0.0,0.0,0.0,0.0,0.0,0.0,0.0,0.0,0.0,0.0,0.0,0.0,0.0,0.0
Grav Comp,0.0,dT,0.005,Substep Number,1,NAN STOPPED,1,This is a reduced substep version
Time:,0.0,Control Action:    ,0.0,0.0,0.0,0.0,0.0,0.0,0.0
Time:,0.005,Control Action:    ,0.0,0.0,0.0,0.0,0.0,0.0,0.0
Time:,0.01,Control Action:    ,0.0,0.0,0.0,0.0,0.0,0.0,0.0
Time:,0.015,Control Action:    ,0.0,0.0,0.0,0.0,0.0,0.0,0.0
Time:,0.02,Control Action:    ,0.0,0.0,0.0,0.0,0.0,0.0,0.0
Time:,0.025,Control Action:    ,0.0,0.0,0.0,0.0,0.0,0.0,0.0
Time:,0.03,Control Action:    ,0.0,0.0,0.0,0.0,0.0,0.0,0.0
Time:,0.035,Control Action:    ,0.0,0.0,0.0,0.0,0.0,0.0,0.0
Time:,0.04,Control Action:    ,0.0,0.0,0.0,0.0,0.0,0.0,0.0
Time:,0.045,Control Action:    ,0.0,0.0,0.0,0.0,0.0,0.0,0.0
Time:,0.05,Control Action:    ,0.0,0.0,0.0,0.0,0.0,0.0,0.0
Time:,0.055,Control Action:    ,0.0,0.0,0.0,0.0,0.0,0.0,0.0
Time:,0.06,Control Action:    ,0.0,0.0,0.0,0.0,0.0,0.0,0.0
Time:,0.065,Control Action:    ,0.0,0.0,0.0,0.0,0.0,0.0,0.0
Time:,0.07,Control Action:    ,0.0,0.0,0.0,0.0,0.0,0.0,0.0
Time:,0.075,Control Action:    ,0.0,0.0,0.0,0.0,0.0,0.0,0.0
Time:,0.08,Control Action:    ,0.0,0.0,0.0,0.0,0.0,0.0,0.0
Time:,0.085,Control Action:    ,0.0,0.0,0.0,0.0,0.0,0.0,0.0
Time:,0.09,Control Action:    ,0.0,0.0,0.0,0.0,0.0,0.0,0.0
Time:,0.095,Control Action:    ,0.0,0.0,0.0,0.0,0.0,0.0,0.0
Time:,0.1,Control Action:    ,0.0,0.0,0.0,0.0,0.0,0.0,0.0
Time:,0.105,Control Action:    ,0.0,0.0,0.0,0.0,0.0,0.0,0.0
Time:,0.11,Control Action:    ,0.0,0.0,0.0,0.0,0.0,0.0,0.0
Time:,0.115,Control Action:    ,0.0,0.0,0.0,0.0,0.0,0.0,0.0
Time:,0.12,Control Action:    ,0.0,0.0,0.0,0.0,0.0,0.0,0.0
Time:,0.125,Control Action:    ,0.0,0.0,0.0,0.0,0.0,0.0,0.0
Time:,0.13,Control Action:    ,0.0,0.0,0.0,0.0,0.0,0.0,0.0
Time:,0.135,Control Action:    ,0.0,0.0,0.0,0.0,0.0,0.0,0.0
Time:,0.14,Control Action:    ,0.0,0.0,0.0,0.0,0.0,0.0,0.0
Time:,0.145,Control Action:    ,0.0,0.0,0.0,0.0,0.0,0.0,0.0
Time:,0.15,Control Action:    ,0.0,0.0,0.0,0.0,0.0,0.0,0.0
Time:,0.155,Control Action:    ,0.0,0.0,0.0,0.0,0.0,0.0,0.0
Time:,0.16,Control Action:    ,0.0,0.0,0.0,0.0,0.0,0.0,0.0
Time:,0.165,Control Action:    ,0.0,0.0,0.0,0.0,0.0,0.0,0.0
Time:,0.17,Control Action:    ,0.0,0.0,0.0,0.0,0.0,0.0,0.0
Time:,0.17500000000000002,Control Action:    ,0.0,0.0,0.0,0.0,0.0,0.0,0.0
Time:,0.18,Control Action:    ,0.0,0.0,0.0,0.0,0.0,0.0,0.0
Time:,0.185,Control Action:    ,0.0,0.0,0.0,0.0,0.0,0.0,0.0
Time:,0.19,Control Action:    ,0.0,0.0,0.0,0.0,0.0,0.0,0.0
Time:,0.195,Control Action:    ,0.0,0.0,0.0,0.0,0.0,0.0,0.0
Time:,0.2,Control Action:    ,0.0,0.0,0.0,0.0,0.0,0.0,0.0
Time:,0.20500000000000002,Control Action:    ,0.0,0.0,0.0,0.0,0.0,0.0,0.0
Time:,0.21,Control Action:    ,0.0,0.0,0.0,0.0,0.0,0.0,0.0
Time:,0.215,Control Action:    ,0.0,0.0,0.0,0.0,0.0,0.0,0.0
Time:,0.22,Control Action:    ,0.0,0.0,0.0,0.0,0.0,0.0,0.0
Time:,0.225,Control Action:    ,0.0,0.0,0.0,0.0,0.0,0.0,0.0
Time:,0.23,Control Action:    ,0.0,0.0,0.0,0.0,0.0,0.0,0.0
Time:,0.23500000000000001,Control Action:    ,0.0,0.0,0.0,0.0,0.0,0.0,0.0
Time:,0.24,Control Action:    ,0.0,0.0,0.0,0.0,0.0,0.0,0.0
Time:,0.245,Control Action:    ,0.0,0.0,0.0,0.0,0.0,0.0,0.0
Time:,0.25,Control Action:    ,0.0,0.0,0.0,0.0,0.0,0.0,0.0
Time:,0.255,Control Action:    ,0.0,0.0,0.0,0.0,0.0,0.0,0.0
Time:,0.26,Control Action:    ,0.0,0.0,0.0,0.0,0.0,0.0,0.0
Time:,0.265,Control Action:    ,0.0,0.0,0.0,0.0,0.0,0.0,0.0
Time:,0.27,Control Action:    ,0.0,0.0,0.0,0.0,0.0,0.0,0.0
Time:,0.275,Control Action:    ,0.0,0.0,0.0,0.0,0.0,0.0,0.0
Time:,0.28,Control Action:    ,0.0,0.0,0.0,0.0,0.0,0.0,0.0
Time:,0.28500000000000003,Control Action:    ,0.0,0.0,0.0,0.0,0.0,0.0,0.0
Time:,0.29,Control Action:    ,0.0,0.0,0.0,0.0,0.0,0.0,0.0
Time:,0.295,Control Action:    ,0.0,0.0,0.0,0.0,0.0,0.0,0.0
Time:,0.3,Control Action:    ,0.0,0.0,0.0,0.0,0.0,0.0,0.0
Time:,0.305,Control Action:    ,0.0,0.0,0.0,0.0,0.0,0.0,0.0
Time:,0.31,Control Action:    ,0.0,0.0,0.0,0.0,0.0,0.0,0.0
Time:,0.315,Control Action:    ,0.0,0.0,0.0,0.0,0.0,0.0,0.0
Time:,0.32,Control Action:    ,0.0,0.0,0.0,0.0,0.0,0.0,0.0
Time:,0.325,Control Action:    ,0.0,0.0,0.0,0.0,0.0,0.0,0.0
Time:,0.33,Control Action:    ,0.0,0.0,0.0,0.0,0.0,0.0,0.0
Time:,0.335,Control Action:    ,0.0,0.0,0.0,0.0,0.0,0.0,0.0
Time:,0.34,Control Action:    ,0.0,0.0,0.0,0.0,0.0,0.0,0.0
Time:,0.34500000000000003,Control Action:    ,0.0,0.0,0.0,0.0,0.0,0.0,0.0
Time:,0.35000000000000003,Control Action:    ,0.0,0.0,0.0,0.0,0.0,0.0,0.0
Time:,0.355,Control Action:    ,0.0,0.0,0.0,0.0,0.0,0.0,0.0
Time:,0.36,Control Action:    ,0.0,0.0,0.0,0.0,0.0,0.0,0.0
Time:,0.365,Control Action:    ,0.0,0.0,0.0,0.0,0.0,0.0,0.0
Time:,0.37,Control Action:    ,0.0,0.0,0.0,0.0,0.0,0.0,0.0
Time:,0.375,Control Action:    ,0.0,0.0,0.0,0.0,0.0,0.0,0.0
Time:,0.38,Control Action:    ,0.0,0.0,0.0,0.0,0.0,0.0,0.0
Time:,0.385,Control Action:    ,0.0,0.0,0.0,0.0,0.0,0.0,0.0
Time:,0.39,Control Action:    ,0.0,0.0,0.0,0.0,0.0,0.0,0.0
Time:,0.395,Control Action:    ,0.0,0.0,0.0,0.0,0.0,0.0,0.0
Time:,0.4,Control Action:    ,0.0,0.0,0.0,0.0,0.0,0.0,0.0
Time:,0.405,Control Action:    ,0.0,0.0,0.0,0.0,0.0,0.0,0.0
Time:,0.41000000000000003,Control Action:    ,0.0,0.0,0.0,0.0,0.0,0.0,0.0
Time:,0.41500000000000004,Control Action:    ,0.0,0.0,0.0,0.0,0.0,0.0,0.0
Time:,0.42,Control Action:    ,0.0,0.0,0.0,0.0,0.0,0.0,0.0
Time:,0.425,Control Action:    ,0.0,0.0,0.0,0.0,0.0,0.0,0.0
Time:,0.43,Control Action:    ,0.0,0.0,0.0,0.0,0.0,0.0,0.0
Time:,0.435,Control Action:    ,0.0,0.0,0.0,0.0,0.0,0.0,0.0
Time:,0.44,Control Action:    ,0.0,0.0,0.0,0.0,0.0,0.0,0.0
Time:,0.445,Control Action:    ,0.0,0.0,0.0,0.0,0.0,0.0,0.0
Time:,0.45,Control Action:    ,0.0,0.0,0.0,0.0,0.0,0.0,0.0
Time:,0.455,Control Action:    ,0.0,0.0,0.0,0.0,0.0,0.0,0.0
Time:,0.46,Control Action:    ,0.0,0.0,0.0,0.0,0.0,0.0,0.0
Time:,0.465,Control Action:    ,0.0,0.0,0.0,0.0,0.0,0.0,0.0
Time:,0.47000000000000003,Control Action:    ,0.0,0.0,0.0,0.0,0.0,0.0,0.0
Time:,0.47500000000000003,Control Action:    ,0.0,0.0,0.0,0.0,0.0,0.0,0.0
Time:,0.48,Control Action:    ,0.0,0.0,0.0,0.0,0.0,0.0,0.0
Time:,0.485,Control Action:    ,0.0,0.0,0.0,0.0,0.0,0.0,0.0
Time:,0.49,Control Action:    ,0.0,0.0,0.0,0.0,0.0,0.0,0.0
Time:,0.495,Control Action:    ,0.0,0.0,0.0,0.0,0.0,0.0,0.0
