Grav Comp,0.0,dT,0.005,Substep Number,2,NAN STOPPED,0,This is a reduced substep version
Time,State History
Time:,0.0,x:   ,0.0,0.261799387799149,3.141592653589793,4.014257279586958,0.0,0.959931088596881,1.570796326794897,0.0,0.0,0.0,0.0,0.0,0.0,0.0
Time:,0.005,x:   ,3.679739961688752e-05,0.26198873813840734,3.1415445715384176,4.014036003571704,-2.7699672555694524e-05,0.9601019575088819,1.5708602343366198,-1.8432562490344656e-05,0.043533838741752165,0.0004806808202854856,-0.022309678141458653,1.3976011996274796e-05,-0.004926222787178091,-3.883543655064228e-05
Time:,0.01,x:   ,0.00013797412878203638,0.2625501154352547,3.141414380959913,4.0133853466899,-0.00010197572670051129,0.9605242229145661,1.5711318798633473,-6.928679342298686e-05,0.08688609086625163,0.0010048739519860543,-0.044366951177090386,5.0723285025240194e-05,-0.009979587535907046,-0.00018145210392770517
Time:,0.015,x:   ,0.00029754880007891633,0.263475824976087,3.141202966765101,4.012323706002269,-0.0003472368267344654,0.9610725714380142,1.572980181227153,-0.00015228113703089232,0.13006910433254043,0.0015720629737401137,-0.06613421449621396,0.00017184339065507223,-0.015097532651275461,-0.0011137950665777762
Time:,0.02,x:   ,0.0005538587891107019,0.2647572660447909,3.1407866838551555,4.010880174213031,-0.001808491974801396,0.9614167660000233,1.5862868045612546,-0.0004329792030940919,0.1730677218715903,0.0020671011728148384,-0.08755578571190993,0.0009211858561467672,-0.02002303149265815,-0.007929309226507864
Time:,0.025,x:   ,0.0013719203548287736,0.26634767691375055,3.1387910218166595,4.0092041153192595,-0.010548662566814741,0.9559684982574392,1.6503510673725794,-0.006891404830332841,0.214747409270888,-0.0038940462805587195,-0.10759473364633915,0.006244119094332928,-0.017913914696549287,-0.04597200694225202
Time:,0.03,x:   ,0.005113716907222055,0.2690292977951527,3.1284436656524828,4.006231718722884,-0.02256538235747697,0.9239364704201748,1.6271378198769506,-0.049786398132001995,0.24666994299598688,-0.047302700368426986,-0.1163408489337058,0.012628311568021364,0.022206895817143333,-0.06878712028210301
Time:,0.035,x:   ,0.01119526794236718,0.27419125392675375,3.1122947886456087,3.9996182256300177,-0.026938859324057478,0.9157191329786644,1.5277136439039474,-0.11804870361261421,0.28858733785050505,-0.11497569097299569,-0.13134934487454208,0.02174315436891549,0.03713436628052704,-0.06765033159280101
Time:,0.04,x:   ,0.018009904427648386,0.28054416808332705,3.094956829959275,3.9916599563837614,-0.027250454341020153,0.9341776059223273,1.4184327101970575,-0.1808919227734922,0.3363823762355804,-0.17545614593329778,-0.15164506077922424,0.03432785830459039,0.029770772562737934,-0.05919121262209421
Time:,0.045,x:   ,0.024573358591541476,0.28723623753355204,3.0787687326198054,3.9838017208641707,-0.024209702405119063,0.9654842485708605,1.3293081086594751,-0.2205867346700106,0.38119666437903743,-0.2092547097852599,-0.1695013030674002,0.04318018408732731,0.015323714409083231,-0.04540654311572295
Time:,0.05,x:   ,0.030280335462396467,0.29389724549402696,3.064462041431039,3.9765715362509915,-0.019604057967560307,0.9983233423987666,1.2690993747488508,-0.24084870245238446,0.4233602194689298,-0.22100496026374647,-0.185198108200008,0.047173298075328114,-0.001532314957543822,-0.031129915428031917
Time:,0.055,x:   ,0.03493642406919648,0.30039454011490513,3.0519145693052137,3.9700740823869043,-0.0148808472043263,1.0264438882960085,1.2320342222426166,-0.2502754748367685,0.4645289476112365,-0.2209733225945628,-0.20006536713891643,0.047981000114529854,-0.018095418377253918,-0.01944592640079064
Time:,0.06,x:   ,0.03857034983808088,0.30674765092360956,3.040831008174146,3.964184907004191,-0.010697672058315235,1.0480698617345978,1.210291906047962,-0.25464711008126567,0.505501982427136,-0.215995499645679,-0.2145968905358546,0.047281122216587444,-0.0327858161041408,-0.011210504064569563
Time:,0.065,x:   ,0.041295201315465595,0.31304969728605836,3.030947271988049,3.958706221073974,-0.007192053494345254,1.0637170754557805,1.1979347304548622,-0.25683450014071757,0.5465300514348645,-0.20937426528571446,-0.22881896909044813,0.0460518985055474,-0.04516835767263701,-0.00599633636856357
Time:,0.07,x:   ,0.04323902550051084,0.3194090301106975,3.022059067625292,3.953455695735344,-0.004288358353049393,1.074626244412592,1.1911580338158483,-0.2580540880583152,0.5876663348136796,-0.20241732780704555,-0.2426329644312314,0.04472281594644583,-0.05547708392784114,-0.0029902968253762542
Time:,0.075,x:   ,0.044519098506887095,0.3259214527286357,3.0140094303452654,3.9482953486489705,-0.0018582888819530176,1.082024182673681,1.187628716395829,-0.2587768692797954,0.6289078351854941,-0.19554912134637947,-0.25593189352972323,0.04343808964433612,-0.06415765910222149,-0.001425036080554335
Time:,0.08,x:   ,0.04523621230086422,0.3326630389714144,3.0066734977934484,3.943130864424229,0.00021545871975688882,1.086890075083755,1.1859264286482514,-0.2591840460810737,0.6702392013757431,-0.18886389886794408,-0.26862398503146956,0.04222701356482239,-0.07163474963334734,-0.0007193385736754798
Time:,0.085,x:   ,0.04547573731617205,0.33969189036335873,2.9999482356522438,3.937902038612122,0.0020219489491790322,1.08994027877879,1.1852024810291875,-0.2593553885117954,0.7116451418176356,-0.18235120228051185,-0.2806328470467297,0.04108337141679539,-0.07824110497940716,-0.00048664100053691004
Time:,0.09,x:   ,0.045310005066601045,0.34705220240595686,2.99374670473899,3.932573082121854,0.0036235735839968506,1.091679633568706,1.1849702575242067,-0.25933663204301627,0.7531135689826338,-0.17597450755317945,-0.29189407661222755,0.03999443135282771,-0.08421739855858659,-0.0004941866378691636
Time:,0.095,x:   ,0.04480044350509091,0.35477806982048876,2.9879949696726915,3.9271251488660215,0.005063077639992107,1.092458808035341,1.1849662523601694,-0.2591609391798298,0.7946359415253883,-0.1696948816044145,-0.302352182283658,0.038948769573417814,-0.0897318359716594,-0.0006133117600778216
Time:,0.1,x:   ,0.043999278241924934,0.3628964139917813,2.982630203256255,3.921551095821168,0.006370409438843099,1.0925204148994239,1.1850569006077023,-0.2588552678301469,0.8362068208954783,-0.16347691556136296,-0.3119582624267837,0.03793715110892884,-0.09490015884729414,-0.0007783041653365184
Time:,0.105,x:   ,0.04295091224373525,0.37142908593781543,2.977599249865407,3.915851925936649,0.007567691505691082,1.0920323763549418,1.1851793045007666,-0.25844235925269066,0.8778233111720408,-0.15728967395320628,-0.32066834370014835,0.03695186378933304,-0.09980121604397382,-0.0009581690255902536
Time:,0.11,x:   ,0.041693085819128374,0.38039434063277533,2.972857372637147,3.910034389316755,0.008672318399497619,1.0911111548303103,1.1853063178296495,-0.25794156657565065,0.9194845760614532,-0.15110642822717418,-0.3284422277084807,0.03598607892853342,-0.1044881016751042,-0.0011395477215821663
Time:,0.115,x:   ,0.04025787119911902,0.3898078618776673,2.9683671180371056,3.904109359466542,0.009698708832888005,1.0898377431103323,1.185427564496709,-0.257369375200112,0.9611914624881661,-0.14490416119738367,-0.3352427104252649,0.03503349863025489,-0.108995909450348,-0.0013173509792007508
Time:,0.12,x:   ,0.03867252892289051,0.39968347164080203,2.964097297211536,3.8980907262890705,0.010659241593806873,1.0882686689470165,1.1855398931044323,-0.2567398158040636,1.0029462147110377,-0.13866307700610409,-0.3410350692920864,0.03408821387472131,-0.11334710149718796,-0.0014900391222567025
Time:,0.125,x:   ,0.03696024321955675,0.41003361831647983,2.9600220911377044,3.8919946354818022,0.011564751631321826,1.0864436012348175,1.1856429347990518,-0.25606481432459705,1.044752256988411,-0.13236616727182435,-0.34578674171237833,0.03314466801536186,-0.11755523520694043,-0.0016574274010197427
Time:,0.13,x:   ,0.03514075085529762,0.42086970955367825,2.9561202785134437,3.885838961971369,0.012424810206519057,1.0843906369294574,1.185737202530092,-0.2553544908193726,1.086614026631406,-0.12599884031870737,-0.34946714098959586,0.0321976576826377,-0.12162756487289382,-0.00181974947501913
Time:,0.135,x:   ,0.03323087705159241,0.4322023352903343,2.9523745773637375,3.8796429426683976,0.013247906055715717,1.0821299963602604,1.1858233599455903,-0.25461741359601225,1.1285368439105878,-0.1195486090415741,-0.3520475715861826,0.031242338574666417,-0.12556687049580265,-0.0019772993190975362
Time:,0.14,x:   ,0.031244991188222757,0.44404141285900556,2.948771087090561,3.8734269183375765,0.014041581831149175,1.079676618889169,1.1859019861343174,-0.25386081427088747,1.1705268088852847,-0.113004829801294,-0.3535012164604949,0.03027422500553248,-0.1293727537280987,-0.002130317797924515
Time:,0.145,x:   ,0.02919539378564519,0.4563962765414174,2.945298816587747,3.867212150510832,0.014812547938106008,1.0770419939147653,1.1859735309321089,-0.2530907691455912,1.2125907177930546,-0.10635848426286833,-0.35380317671459643,0.029289182207080006,-0.133042565193685,-0.002278972868781835
Time:,0.15,x:   ,0.02709264487327913,0.4692757273792497,2.941949284747275,3.8610206901280577,0.015566781366474238,1.0742354571908794,1.1860383334021456,-0.25231235187307655,1.2547359934399334,-0.09960199666156455,-0.3529305489803205,0.02828341398790429,-0.13657207630453552,-0.002423370505827275
Time:,0.155,x:   ,0.0249458424745243,0.48268805447555374,2.938716181156725,3.8548752818568692,0.016309611500242165,1.0712651114379477,1.1860966551311714,-0.25152976186504244,1.2969706253031663,-0.09272907992545015,-0.3508625296343933,0.027253448885467275,-0.13995597391368772,-0.0025635725482553162
Time:,0.16,x:   ,0.022762858679280136,0.49664103582421204,2.935595076434693,3.84879929301106,0.017045793239359112,1.0681384816998127,1.1861487122573102,-0.25074643235115424,1.33930311596262,-0.08573460507129531,-0.34758053755919305,0.026196127332410824,-0.14318823224160732,-0.0026996136200688
Time:,0.165,x:   ,0.02055053966674484,0.5111419244618742,2.9325831732002117,3.8428166594176427,0.01777956763206263,1.0648629823988487,1.1861947021121513,-0.2499651214862499,1.3817424311298871,-0.07861448919064419,-0.34306834908284134,0.025108591498119844,-0.14626239993348797,-0.0028315151658226466
Time:,0.17,x:   ,0.018314875085051883,0.5261974241585674,2.9296790900330802,3.8369518429689085,0.0185147105200259,1.0614462497412516,1.1862348242365,-0.2491879894318995,1.4242979510253848,-0.07136559811722533,-0.3373122401645997,0.023988278703678784,-0.14917182851688177,-0.002959296545415295
Time:,0.17500000000000002,x:   ,0.01606114137518683,0.5418136577497858,2.9268826719470176,3.8312297972654017,0.01925457004160644,1.0578963768376561,1.1862692964841781,-0.24841666391687042,1.4669794212195306,-0.06398566052195129,-0.3303011319940588,0.022832918727055215,-0.15190986038204365,-0.0030829835891238067
Time:,0.18,x:   ,0.013794022926954683,0.5579961304252847,2.9241948218897686,3.825675938927313,0.020002094104377404,1.0542220774917803,1.186298366964404,-0.24765229640468267,1.5097969013434698,-0.0564731907375688,-0.32202673705389706,0.02164053490238159,-0.15446998865552453,-0.0032026150214936166
Time:,0.185,x:   ,0.011517714358237568,0.5747496897309385,2.921617348633273,3.820316122974414,0.020759849115401578,1.0504327966096667,1.186322322394756,-0.24689561066147114,1.5527607103149932,-0.04882741809253996,-0.312483703431874,0.020409448633985347,-0.15684599726597004,-0.0033182470667781987
Time:,0.19,x:   ,0.009236006701418581,0.5920784836419595,2.9191528271502847,3.8151766212502416,0.021530031363088543,1.0465387795834744,1.1863414932607579,-0.2461469452199904,1.595881366934997,-0.0410482209504371,-0.30166975581013133,0.019138286755630642,-0.1590320866167101,-0.003429956456103876
Time:,0.195,x:   ,0.006952359850744182,0.6099859177809637,2.9168044682145706,3.8102841032649626,0.02231447249613891,1.0425511091018473,1.1863562560565124,-0.24540629097273794,1.639169524901898,-0.0331360640202059,-0.2895858321426176,0.017825991040811145,-0.1610229882405138,-0.0035378419924547047
Time:,0.2,x:   ,0.004669963261226856,0.6284746126496557,2.9145759945290983,3.805665619101623,0.02311464055568644,1.0384817151394514,1.1863670328155789,-0.24467332489664134,1.6826359014743797,-0.02509193783354087,-0.27623621557422257,0.016471829092566895,-0.1628140703796535,-0.0036420247944994495
Time:,0.20500000000000002,x:   ,0.002391786584301142,0.6475463615952332,2.9124715211961134,3.8013485842059023,0.023931637993393484,1.0343433620332543,1.1863742881223303,-0.24394744071211671,1.7262911991920702,-0.016917299584862114,-0.2616286616664245,0.015075405799916354,-0.16440143544264738,-0.0037426473288611857
Time:,0.21,x:   ,0.00012062166961014404,0.6672020901261176,2.910495438807656,3.797360765983336,0.0247661980543238,1.0301496153163991,1.1863785238096336,-0.24322777710974192,1.7701460202423327,-0.00861401480140697,-0.2457745214731823,0.013636674536074207,-0.16578200962057607,-0.003839871346603412
Time:,0.215,x:   ,-0.0021408828514375188,0.687441817115499,2.90865229786565,3.7937302721767643,0.025618680820591523,1.025914790177222,1.1863802715879523,-0.24251324403785957,1.8142107732405002,-0.00018429955873184092,-0.22868886144932987,0.01215594728750157,-0.16695362451728182,-0.0039338748578581
Time:,0.22,x:   ,-0.004390193363088276,0.708264618378238,2.9069466936460846,3.7904855410022837,0.026489070101718328,1.0216538829160968,1.186380083903892,-0.24180254743382545,1.858495572370506,0.00836933681746545,-0.2103905815578735,0.010633902940256658,-0.16791509039847394,-0.004024848303556211
Time:,0.225,x:   ,-0.006624868555507185,0.7296685930721851,2.9053831510091497,3.787655332993187,0.02737697222314799,1.017382486496496,1.186378523383693,-0.241094212699859,1.9030101290118,0.017044148417229146,-0.19090253325398857,0.009071593009195019,-0.16866626054942385,-0.004112990110501406
Time:,0.23,x:   ,-0.00884254144501455,0.7516508333559664,2.9039660090318273,3.7852687244452357,0.02828161761019509,1.013116691163805,1.1863761512709428,-0.2403866071705219,1.9477636361548296,0.02583720844796316,-0.17025163924093656,0.007470444174078726,-0.1692080862142161,-0.0041985018413646475
Time:,0.23500000000000001,x:   ,-0.011040905467593254,0.7742073977298792,2.9026993057049406,3.7833551022792347,0.02920186589769937,1.0088729710886732,1.1863735153106594,-0.23967796179088346,1.9927646460789383,0.034745463471296076,-0.14846901699410614,0.005832257081607443,-0.16954266164274248,-0.004281583170917434
Time:,0.24,x:   ,-0.013217704080125271,0.7973332884935272,2.9015866632942107,3.781944160043704,0.030136215124545424,1.004668058046483,1.1863711375580417,-0.2389663922193597,2.0380209419309008,0.043765785521904875,-0.12559010801201698,0.004159200979905759,-0.16967325887062212,-0.0043624269309852975
Time:,0.245,x:   ,-0.015370723383389174,0.8210224337722744,2.900631175313286,3.7810658946769697,0.031082815406859574,1.000518803245901,1.1863695025954835,-0.23824991958251437,2.083539403997349,0.0528950213160134,-0.10165481455800723,0.0024538038674418055,-0.16960435198122975,-0.004441214467056689
Time:,0.25,x:   ,-0.01749778735158638,0.8452676745935742,2.899835296391635,3.7807506035396954,0.0320394873339993,0.9964420285496153,1.1863690466237746,-0.23752649113462201,2.129325871608312,0.062130037630254265,-0.07670764528866568,0.0007189379566236691,-0.169341630730183,-0.00451811153805939
Time:,0.255,x:   ,-0.019596755317148308,0.8700607575325124,2.8992007366339796,3.7810288811215202,0.03300374520590724,0.9924543684769884,1.1863701478527575,-0.2367940011046905,2.1753850017410787,0.07146776181511455,-0.05079787061686833,-0.0010421996316067922,-0.16889200353608225,-0.0045932649674125066
Time:,0.26,x:   ,-0.021665521418253297,0.895392333491768,2.8987283623491704,3.7819316147251665,0.03397282513462813,0.9885721045333191,1.186373118555192,-0.23605031203862617,2.221720125513453,0.0809052163007738,-0.02397968792946509,-0.0028261109163720283,-0.16826358994531967,-0.004666800219007007
Time:,0.265,x:   ,-0.023702015770684502,0.9212519632322755,2.898418105260106,3.7834899783443485,0.03494371796814694,0.9848109935686843,1.1863781990691062,-0.23529327695395275,2.2683331038638728,0.0904395458577428,0.003687604115970595,-0.004629025723083265,-0.1674657027552265,-0.004738820028126648
Time:,0.27,x:   ,-0.02570420717567022,0.9476281303239316,2.8982688824740195,3.7857354238847227,0.0359132069573376,0.9811860920278429,1.1863855539438055,-0.23452076260830942,2.3152241838142196,0.10006803629327009,0.0321394240301832,-0.0064469347531595856,-0.1665088200243852,-0.0048094041670796875
Time:,0.275,x:   ,-0.02767010722097383,0.9745082622366702,2.8982785295737243,3.7886996688364105,0.0368779100673118,0.9777115781094201,1.1863952703290443,-0.23373067413089366,2.362391856800899,0.10978812320234012,0.06130572162737299,-0.008275626765227693,-0.1654045472112092,-0.004878610371499137
Time:,0.28,x:   ,-0.02959777567318818,1.0018787603360932,2.8984437491637434,3.7924146794988585,0.03783432681842545,0.9744005740055007,1.1864073586117811,-0.23292098117010027,2.4098327206422443,0.11959738935711998,0.09111079201768306,-0.01011072950617562,-0.16416556966530013,-0.004946476399040704
Time:,0.28500000000000003,x:   ,-0.03148532709415905,1.0297250395787438,2.8987600770509028,3.7969126488900296,0.03877888951178081,0.9712649705389254,1.1864217552160274,-0.23208974556625836,2.4575413467855443,0.12949354932108498,0.12147309481192886,-0.011947753965170808,-0.162805595657422,-0.00501302314053501
Time:,0.29,x:   ,-0.03333093864287438,1.0580315787134373,2.899221867941386,3.802225968547603,0.03970801863041874,0.9683152566502985,1.1864383274030188,-0.2312351503658225,2.5055101545433014,0.13947441992548207,0.15230508500726728,-0.013782141458172695,-0.16133929008263911,-0.005078258657061878
Time:,0.295,x:   ,-0.03513285904529305,1.086781981779732,2.899822302087294,3.808387193554509,0.040618182093943016,0.9655603563028727,1.1864568798442654,-0.2303555297588742,2.5537292940815357,0.14953787535825233,0.1835130629778539,-0.015609312980194778,-0.15978219891840606,-0.005142182976829152
Time:,0.3,x:   ,-0.03688941872803846,1.1159590516453621,2.900553413717752,3.815429000297941,0.04150595787027998,0.9630074754611079,1.1864771626904145,-0.22944939925826122,2.6021865399558437,0.15968178579949424,0.21499705171151037,-0.017424720184697495,-0.15815066447689285,-0.005204793454395911
Time:,0.305,x:   ,-0.038599041117718884,1.145544876234273,2.9014061413576924,3.8233841367015193,0.042368099211994144,0.9606619618449107,1.1864988808242576,-0.22851548516567224,2.650867196993647,0.16990393879982946,0.24665070983638723,-0.019223897263707736,-0.15646173146960346,-0.005266090472294
Time:,0.31,x:   ,-0.04026025510654194,1.1755209279595897,2.9023703993009486,3.8322853649541164,0.0432016014959315,0.958527180150727,1.1865217039655571,-0.22755275211248707,2.699754020281465,0.18020194293960057,0.2783612890051839,-0.021002512911670376,-0.15473304391150533,-0.0053260832515738005
Time:,0.315,x:   ,-0.041871708678241706,1.205868176686703,2.903435168606415,3.8421653970932126,0.044003769326214776,0.956604405345249,1.1865452772868936,-0.22656042724987727,2.74882715092112,0.19057311372088018,0.3100096437993505,-0.022756421467471137,-0.1529827329375071,-0.005384795533002816
Time:,0.32,x:   ,-0.043432183678206976,1.236567216308143,2.9045886050815186,3.8530568241801264,0.04477228224526891,0.9548927364592026,1.1865692322015577,-0.22553801952223268,2.798064069056545,0.20101434211499633,0.3414703014536374,-0.024481712252705255,-0.15122929568834645,-0.005442270894185025
Time:,0.325,x:   ,-0.04494061170078286,1.2675984047145377,2.905818160868117,3.8649920402206606,0.04550525712700062,0.9533890330201518,1.1865931969949617,-0.22448533241605315,2.8474395654344757,0.21152194669073474,0.37261159737918276,-0.026174756072513336,-0.14949146554345907,-0.005498577479315024
Time:,0.33,x:   ,-0.0463960910581834,1.2989420165990446,2.907110715515474,3.878003162426097,0.046201305144508764,0.952087875850202,1.186616806988888,-0.22340246865115299,2.8969257324443882,0.22209151074969635,0.40329588070530387,-0.02783224783106815,-0.14778807412823877,-0.00555381193721285
Time:,0.335,x:   ,-0.047797904792739786,1.3305784081450147,2.9084527118706593,3.8921219498611372,0.04685958115192005,0.9509815534080651,1.186639713952467,-0.22228982547978293,2.94649197518944,0.23271770635731623,0.4333797919189699,-0.029451244248344177,-0.14613790569098234,-0.005608102389265508
Time:,0.34,x:   ,-0.04914553970080461,1.3624881922320844,2.909830291783335,3.9073797229692238,0.04747982342577136,0.9500600741742279,1.186661594504709,-0.22114807957631094,2.9961050426828866,0.2433941075412113,0.4627146122371881,-0.031029195755656862,-0.1445595446158817,-0.0056616102813650945
Time:,0.34500000000000003,x:   ,-0.05043870635586716,1.394652422373197,2.9112294265352703,3.92380728688064,0.04806238198933357,0.949311204772032,1.1866821572905366,-0.21997816091575748,3.045729078763589,0.25411299519644837,0.4911466817080397,-0.032563971796694326,-0.14307121699539482,-0.005714531012062683
Time:,0.35000000000000003,x:   ,-0.05167736015332546,1.4270527831875632,2.912636037068466,3.941434861771578,0.04860823418742005,0.9487205326069736,1.186701148755134,-0.21878121552137164,3.095325691806277,0.264865156361559,0.5185178803309229,-0.03405387896412556,-0.1416906273099877,-0.00576709327175196
Time:,0.355,x:   ,-0.05286172345255159,1.4596717848490381,2.9140360994789174,3.96029202382878,0.04911898676364027,0.9482715508240593,1.1867183573892481,-0.21755855746756655,3.144854041797833,0.27563968049318105,0.5446661638648354,-0.0354976716489286,-0.1404347913381203,-0.005819557073114872
Time:,0.36,x:   ,-0.0539923089656834,1.4924929586542028,2.9154157318235425,3.9804076605607914,0.04959686437366368,0.9479457623721985,1.1867336163693885,-0.21631161100787225,3.194270942891072,0.286423755169216,0.5694261436177586,-0.03689455515496293,-0.13931986642938493,-0.005872210499243908
Time:,0.365,x:   ,-0.05506994463910147,1.5255010506571471,2.9167612589961722,4.00180994426238,0.05004468519215491,0.9477227989773386,1.1867468045697094,-0.21504184411145097,3.243530979160628,0.2972024633039086,0.5926296975487763,-0.03824418151677207,-0.1383609802077208,-0.005925365240452048
Time:,0.37,x:   ,-0.056095800395004405,1.5586822102425604,2.918059253194321,4.024526327367484,0.05046582497868242,0.9475805499186241,1.1867578459743329,-0.21375069499520946,3.2925866309938616,0.30795858349103195,0.6141065986323413,-0.03954663853558407,-0.13757205862340127,-0.005979351031363124
Time:,0.375,x:   ,-0.05707141724950915,1.5920241705726845,2.919296548247993,4.048583563209323,0.05086417160381992,0.947495294729381,1.1867667075674342,-0.2124394934008648,3.3413884093674247,0.31867239454229196,0.6336851457817176,-0.04080243280063719,-0.13696565404123975,-0.006034509134189692
Time:,0.38,x:   ,-0.05799873950379227,1.6255164180553134,2.9204602267442574,4.074007755344252,0.05124407255637202,0.9474418333551192,1.1867733958212563,-0.2111093783697494,3.3898849951925296,0.32932148470287875,0.6511927828310637,-0.042012467678235015,-0.13655277374268204,-0.006091185040344667
Time:,0.385,x:   ,-0.058880150920898953,1.6591503483365988,2.9215375793948497,4.100824438098183,0.05161027832771919,0.9473936069287439,1.1867779519374662,-0.20976121410887827,3.438023380956039,0.3398805654525445,0.6664566922223129,-0.04317801742283224,-0.13634270884002106,-0.006149720579542076
Time:,0.39,x:   ,-0.059718516060026955,1.692919406809203,2.9225160364082363,4.12905869037995,0.05196788479001789,0.9473228021854202,1.1867804460237763,-0.20839550522885344,3.485749012030489,0.35032128928399364,0.6793043521811537,-0.04430069869241582,-0.1363428631637039,-0.006210445632961653
Time:,0.395,x:   ,-0.060517228252328185,1.7268192122168553,2.9233830707047335,4.158735284100719,0.05232227776064753,0.9472004326314722,1.1867809704052343,-0.20701231218646576,3.5330059252601704,0.36061207043027316,0.6895640492998673,-0.045382440839433845,-0.13655858120153094,-0.0062736696453457134
Time:,0.4,x:   ,-0.06128026608156063,1.760847662593761,2.924126072626344,4.189878867772335,0.05267908290195794,0.9469963898769236,1.1867796322785698,-0.20561116720706962,3.5797368827371137,0.3707179072213645,0.6970653425403697,-0.046425456408019705,-0.13699297365363686,-0.006339673121308337
Time:,0.405,x:   ,-0.062012260698698744,1.7950050234567239,2.924732195321891,4.22251418505861,0.053044123982501364,0.9466794589937554,1.1867765459198565,-0.20419099031968213,3.6258834990462074,0.3806002046123386,0.7016394796727636,-0.04743221331107557,-0.13764673862927881,-0.006408699275546388
Time:,0.41000000000000003,x:   ,-0.06271857687863533,1.8292939988190227,2.9251881692141697,4.256666327242891,0.053423392372369885,0.9462172923107858,1.1867718246525196,-0.20275000443323138,3.6713863606722748,0.3902165954616738,0.7031197730173855,-0.04840541020200014,-0.13851797595706397,-0.006480945987411743
Time:,0.41500000000000004,x:   ,-0.06340541145606579,1.8637197861650934,2.9254800828552363,4.292361017758802,0.05382303051564096,0.9455763366327569,1.1867655727770439,-0.20128564762923576,3.7161851367184697,0.39952075936889464,0.7013419480361917,-0.04934795661217435,-0.13960199151232455,-0.006556558190111133
Time:,0.42,x:   ,-0.06407991370669307,1.8982901169598132,2.925593126011584,4.329624926091479,0.05424933207532926,0.9447217094084422,1.1867578776587342,-0.19979448004633765,3.760218680586035,0.40846223833197337,0.6961444858627401,-0.05026295951503759,-0.14089108788457952,-0.006635620806509457
Time:,0.425,x:   ,-0.06475033343758178,1.93301528451052,2.9255112889338037,4.3684860074436624,0.054708761541578825,0.9436170198144104,1.1867488021692574,-0.19827208187251963,3.8034251228186235,0.4169862491976346,0.6873689894159066,-0.05115371812120311,-0.14237433711537165,-0.006718152330140893
Time:,0.43,x:   ,-0.0654262041106577,1.9679081609952562,2.92521700936436,4.40897386347926,0.05520799639756076,0.9422241310341087,1.1867383776857996,-0.19671293801096973,3.8457419559361536,0.4250334939169897,0.6748606126093318,-0.05202372893068928,-0.1440373306378689,-0.006804099144787948
Time:,0.435,x:   ,-0.06611857037478858,2.0029842051495192,2.9246907557866715,4.451120118049474,0.055753995523904525,0.9405028601983231,1.186726597873972,-0.19511030389483658,3.887106112798105,0.43253997008717604,0.6584686038474299,-0.05287670339784951,-0.1458619009617402,-0.006893330682466154
Time:,0.44,x:   ,-0.06684027210203938,2.038261461379626,2.923910531523314,4.494958799831851,0.05635409848171087,0.9384106125671142,1.1867134135240722,-0.19345604562076424,3.9274540408779677,0.43943678631279276,0.6380470292531891,-0.05371660104056535,-0.14782580910958046,-0.006985635542145395
Time:,0.445,x:   ,-0.06760630065804901,2.0737605498230107,2.9228512792751524,4.540526720909162,0.0570161617632032,0.9359019467051722,1.186698728784496,-0.191740445949914,3.966721775843225,0.44564998978962445,0.6134557590040125,-0.05454768149902414,-0.149902391403356,-0.0070807187355488264
Time:,0.45,x:   ,-0.0684342480259845,2.109504644926042,2.9214841591746086,4.587863835947252,0.057748740196551164,0.9329280678752494,1.1866823992542295,-0.18995196565335012,4.004845019073697,0.4511004175310647,0.5845618232952079,-0.05537457999013259,-0.15206015906571502,-0.00717820029931075
Time:,0.455,x:   ,-0.06934487602324559,2.1455194371874633,2.919775664882643,4.637013560004832,0.058561324658320174,0.9294362480648105,1.1866642325772767,-0.18807694697918176,4.041759225281845,0.4557035882978736,0.5512412749051432,-0.05620241190509761,-0.1542623444957039,-0.0072776156249479956
Time:,0.46,x:   ,-0.07036284186282282,2.1818330684045755,2.9176865309856073,4.688023012938896,0.05946465139409197,0.9253691736610969,1.1866439924525565,-0.18609924246129586,4.077399708298689,0.4593696602123994,0.5133817359298071,-0.05703691408655717,-0.15646638943612426,-0.007378418023995303
Time:,0.465,x:   ,-0.07151762864029838,2.218476024420318,2.915170370011077,4.740943143075724,0.06047110401097581,0.9206642269352435,1.1866214073719188,-0.18399974757705423,4.111701775443095,0.46200349013268627,0.47088586075126615,-0.05788463276664804,-0.15862337330270687,-0.0074799842856587955
Time:,0.47000000000000003,x:   ,-0.07284474625097455,2.2554809600188106,2.9121719575788805,4.795828659600514,0.06159523718852332,0.9152527170480084,1.186596185981521,-0.1817558095191086,4.144600903788461,0.46350484630074096,0.4236760206299653,-0.05875317146756158,-0.1606773859160997,-0.007581624326814324
Time:,0.47500000000000003,x:   ,-0.07438729150282636,2.292882416743601,2.9086250580665403,4.852737667862979,0.06285446217021758,0.9090590933006301,1.186568041805207,-0.17934047612037365,4.176032975171645,0.46376884700438153,0.3717006137355863,-0.059651516630882764,-0.1625648597962721,-0.007682596517823299
Time:,0.48,x:   ,-0.0761979880985452,2.3307163736991208,2.9044496490908362,4.911730848200507,0.06426994918635427,0.9020002028358047,1.1865367312786028,-0.17672153825861614,4.205934591081057,0.4626867265672608,0.3149425355407353,-0.06059046464660466,-0.16421389640015288,-0.007782130943470496
Time:,0.485,x:   ,-0.07834187059346616,2.3690195402994574,2.899548359794955,4.97286993728643,0.0658678223125341,0.8939847051664024,1.1865021107581373,-0.1738603054310334,4.234243493915687,0.4601470670858286,0.25343051655519866,-0.06158318152872438,-0.1655436537224941,-0.007879463789717697
Time:,0.49,x:   ,-0.08089983453060905,2.407828253076433,2.8938018856237373,5.036215146671888,0.06768074889127773,0.8849128402023829,1.1864642205575333,-0.17071003757151942,4.26089912848726,0.4560376794289257,0.18725425417057012,-0.06264593565224887,-0.16646391853248374,-0.007973887304040559
Time:,0.495,x:   ,-0.08397334989106865,2.4471767680260386,2.887063085738517,5.101820963842974,0.06975005834205435,0.8746768865858483,1.1864234072943107,-0.1672139376803505,4.285843390165888,0.4502483647320802,0.1165845327100557,-0.0637990537216669,-0.16687507966095916,-0.008064821417752634
Grav Comp,0.0,dT,0.005,Substep Number,2,NAN STOPPED,0,This is a reduced substep version
Time:,0.0,Control Action:    ,0.0,0.0,0.0,0.0,0.0,0.0,0.0
Time:,0.005,Control Action:    ,0.0,0.0,0.0,0.0,0.0,0.0,0.0
Time:,0.01,Control Action:    ,0.0,0.0,0.0,0.0,0.0,0.0,0.0
Time:,0.015,Control Action:    ,0.0,0.0,0.0,0.0,0.0,0.0,0.0
Time:,0.02,Control Action:    ,0.0,0.0,0.0,0.0,0.0,0.0,0.0
Time:,0.025,Control Action:    ,0.0,0.0,0.0,0.0,0.0,0.0,0.0
Time:,0.03,Control Action:    ,0.0,0.0,0.0,0.0,0.0,0.0,0.0
Time:,0.035,Control Action:    ,0.0,0.0,0.0,0.0,0.0,0.0,0.0
Time:,0.04,Control Action:    ,0.0,0.0,0.0,0.0,0.0,0.0,0.0
Time:,0.045,Control Action:    ,0.0,0.0,0.0,0.0,0.0,0.0,0.0
Time:,0.05,Control Action:    ,0.0,0.0,0.0,0.0,0.0,0.0,0.0
Time:,0.055,Control Action:    ,0.0,0.0,0.0,0.0,0.0,0.0,0.0
Time:,0.06,Control Action:    ,0.0,0.0,0.0,0.0,0.0,0.0,0.0
Time:,0.065,Control Action:    ,0.0,0.0,0.0,0.0,0.0,0.0,0.0
Time:,0.07,Control Action:    ,0.0,0.0,0.0,0.0,0.0,0.0,0.0
Time:,0.075,Control Action:    ,0.0,0.0,0.0,0.0,0.0,0.0,0.0
Time:,0.08,Control Action:    ,0.0,0.0,0.0,0.0,0.0,0.0,0.0
Time:,0.085,Control Action:    ,0.0,0.0,0.0,0.0,0.0,0.0,0.0
Time:,0.09,Control Action:    ,0.0,0.0,0.0,0.0,0.0,0.0,0.0
Time:,0.095,Control Action:    ,0.0,0.0,0.0,0.0,0.0,0.0,0.0
Time:,0.1,Control Action:    ,0.0,0.0,0.0,0.0,0.0,0.0,0.0
Time:,0.105,Control Action:    ,0.0,0.0,0.0,0.0,0.0,0.0,0.0
Time:,0.11,Control Action:    ,0.0,0.0,0.0,0.0,0.0,0.0,0.0
Time:,0.115,Control Action:    ,0.0,0.0,0.0,0.0,0.0,0.0,0.0
Time:,0.12,Control Action:    ,0.0,0.0,0.0,0.0,0.0,0.0,0.0
Time:,0.125,Control Action:    ,0.0,0.0,0.0,0.0,0.0,0.0,0.0
Time:,0.13,Control Action:    ,0.0,0.0,0.0,0.0,0.0,0.0,0.0
Time:,0.135,Control Action:    ,0.0,0.0,0.0,0.0,0.0,0.0,0.0
Time:,0.14,Control Action:    ,0.0,0.0,0.0,0.0,0.0,0.0,0.0
Time:,0.145,Control Action:    ,0.0,0.0,0.0,0.0,0.0,0.0,0.0
Time:,0.15,Control Action:    ,0.0,0.0,0.0,0.0,0.0,0.0,0.0
Time:,0.155,Control Action:    ,0.0,0.0,0.0,0.0,0.0,0.0,0.0
Time:,0.16,Control Action:    ,0.0,0.0,0.0,0.0,0.0,0.0,0.0
Time:,0.165,Control Action:    ,0.0,0.0,0.0,0.0,0.0,0.0,0.0
Time:,0.17,Control Action:    ,0.0,0.0,0.0,0.0,0.0,0.0,0.0
Time:,0.17500000000000002,Control Action:    ,0.0,0.0,0.0,0.0,0.0,0.0,0.0
Time:,0.18,Control Action:    ,0.0,0.0,0.0,0.0,0.0,0.0,0.0
Time:,0.185,Control Action:    ,0.0,0.0,0.0,0.0,0.0,0.0,0.0
Time:,0.19,Control Action:    ,0.0,0.0,0.0,0.0,0.0,0.0,0.0
Time:,0.195,Control Action:    ,0.0,0.0,0.0,0.0,0.0,0.0,0.0
Time:,0.2,Control Action:    ,0.0,0.0,0.0,0.0,0.0,0.0,0.0
Time:,0.20500000000000002,Control Action:    ,0.0,0.0,0.0,0.0,0.0,0.0,0.0
Time:,0.21,Control Action:    ,0.0,0.0,0.0,0.0,0.0,0.0,0.0
Time:,0.215,Control Action:    ,0.0,0.0,0.0,0.0,0.0,0.0,0.0
Time:,0.22,Control Action:    ,0.0,0.0,0.0,0.0,0.0,0.0,0.0
Time:,0.225,Control Action:    ,0.0,0.0,0.0,0.0,0.0,0.0,0.0
Time:,0.23,Control Action:    ,0.0,0.0,0.0,0.0,0.0,0.0,0.0
Time:,0.23500000000000001,Control Action:    ,0.0,0.0,0.0,0.0,0.0,0.0,0.0
Time:,0.24,Control Action:    ,0.0,0.0,0.0,0.0,0.0,0.0,0.0
Time:,0.245,Control Action:    ,0.0,0.0,0.0,0.0,0.0,0.0,0.0
Time:,0.25,Control Action:    ,0.0,0.0,0.0,0.0,0.0,0.0,0.0
Time:,0.255,Control Action:    ,0.0,0.0,0.0,0.0,0.0,0.0,0.0
Time:,0.26,Control Action:    ,0.0,0.0,0.0,0.0,0.0,0.0,0.0
Time:,0.265,Control Action:    ,0.0,0.0,0.0,0.0,0.0,0.0,0.0
Time:,0.27,Control Action:    ,0.0,0.0,0.0,0.0,0.0,0.0,0.0
Time:,0.275,Control Action:    ,0.0,0.0,0.0,0.0,0.0,0.0,0.0
Time:,0.28,Control Action:    ,0.0,0.0,0.0,0.0,0.0,0.0,0.0
Time:,0.28500000000000003,Control Action:    ,0.0,0.0,0.0,0.0,0.0,0.0,0.0
Time:,0.29,Control Action:    ,0.0,0.0,0.0,0.0,0.0,0.0,0.0
Time:,0.295,Control Action:    ,0.0,0.0,0.0,0.0,0.0,0.0,0.0
Time:,0.3,Control Action:    ,0.0,0.0,0.0,0.0,0.0,0.0,0.0
Time:,0.305,Control Action:    ,0.0,0.0,0.0,0.0,0.0,0.0,0.0
Time:,0.31,Control Action:    ,0.0,0.0,0.0,0.0,0.0,0.0,0.0
Time:,0.315,Control Action:    ,0.0,0.0,0.0,0.0,0.0,0.0,0.0
Time:,0.32,Control Action:    ,0.0,0.0,0.0,0.0,0.0,0.0,0.0
Time:,0.325,Control Action:    ,0.0,0.0,0.0,0.0,0.0,0.0,0.0
Time:,0.33,Control Action:    ,0.0,0.0,0.0,0.0,0.0,0.0,0.0
Time:,0.335,Control Action:    ,0.0,0.0,0.0,0.0,0.0,0.0,0.0
Time:,0.34,Control Action:    ,0.0,0.0,0.0,0.0,0.0,0.0,0.0
Time:,0.34500000000000003,Control Action:    ,0.0,0.0,0.0,0.0,0.0,0.0,0.0
Time:,0.35000000000000003,Control Action:    ,0.0,0.0,0.0,0.0,0.0,0.0,0.0
Time:,0.355,Control Action:    ,0.0,0.0,0.0,0.0,0.0,0.0,0.0
Time:,0.36,Control Action:    ,0.0,0.0,0.0,0.0,0.0,0.0,0.0
Time:,0.365,Control Action:    ,0.0,0.0,0.0,0.0,0.0,0.0,0.0
Time:,0.37,Control Action:    ,0.0,0.0,0.0,0.0,0.0,0.0,0.0
Time:,0.375,Control Action:    ,0.0,0.0,0.0,0.0,0.0,0.0,0.0
Time:,0.38,Control Action:    ,0.0,0.0,0.0,0.0,0.0,0.0,0.0
Time:,0.385,Control Action:    ,0.0,0.0,0.0,0.0,0.0,0.0,0.0
Time:,0.39,Control Action:    ,0.0,0.0,0.0,0.0,0.0,0.0,0.0
Time:,0.395,Control Action:    ,0.0,0.0,0.0,0.0,0.0,0.0,0.0
Time:,0.4,Control Action:    ,0.0,0.0,0.0,0.0,0.0,0.0,0.0
Time:,0.405,Control Action:    ,0.0,0.0,0.0,0.0,0.0,0.0,0.0
Time:,0.41000000000000003,Control Action:    ,0.0,0.0,0.0,0.0,0.0,0.0,0.0
Time:,0.41500000000000004,Control Action:    ,0.0,0.0,0.0,0.0,0.0,0.0,0.0
Time:,0.42,Control Action:    ,0.0,0.0,0.0,0.0,0.0,0.0,0.0
Time:,0.425,Control Action:    ,0.0,0.0,0.0,0.0,0.0,0.0,0.0
Time:,0.43,Control Action:    ,0.0,0.0,0.0,0.0,0.0,0.0,0.0
Time:,0.435,Control Action:    ,0.0,0.0,0.0,0.0,0.0,0.0,0.0
Time:,0.44,Control Action:    ,0.0,0.0,0.0,0.0,0.0,0.0,0.0
Time:,0.445,Control Action:    ,0.0,0.0,0.0,0.0,0.0,0.0,0.0
Time:,0.45,Control Action:    ,0.0,0.0,0.0,0.0,0.0,0.0,0.0
Time:,0.455,Control Action:    ,0.0,0.0,0.0,0.0,0.0,0.0,0.0
Time:,0.46,Control Action:    ,0.0,0.0,0.0,0.0,0.0,0.0,0.0
Time:,0.465,Control Action:    ,0.0,0.0,0.0,0.0,0.0,0.0,0.0
Time:,0.47000000000000003,Control Action:    ,0.0,0.0,0.0,0.0,0.0,0.0,0.0
Time:,0.47500000000000003,Control Action:    ,0.0,0.0,0.0,0.0,0.0,0.0,0.0
Time:,0.48,Control Action:    ,0.0,0.0,0.0,0.0,0.0,0.0,0.0
Time:,0.485,Control Action:    ,0.0,0.0,0.0,0.0,0.0,0.0,0.0
Time:,0.49,Control Action:    ,0.0,0.0,0.0,0.0,0.0,0.0,0.0
Time:,0.495,Control Action:    ,0.0,0.0,0.0,0.0,0.0,0.0,0.0
