Grav Comp,0.0,dT,0.01,Substep Number,10
Time,State History
Time:,0.0,x:   ,1.5707963267948966,0.0,0.0,0.0,0.0,0.0,18.798428194038003,0.0,18.798428194038003
Time:,0.01,x:   ,1.5722557773899921,-0.0019506094623981582,0.0007574870111131228,0.20527234907446523,-0.013235571335203275,0.0025018266176156387,18.79842820127157,0.021159088389771485,18.777269112881797
Time:,0.02,x:   ,1.576634106746169,-0.00780236344990139,0.003029896784112763,0.41054455545515844,-0.02646905877491132,0.005003071147588149,18.798428643063772,0.08463623690360561,18.713792406160167
Time:,0.03,x:   ,1.583930898206602,-0.017553728941775558,0.006815056576542236,0.6158139168043171,-0.03967869681638322,0.007486690239740584,18.798432171797238,0.19042861482083331,18.608003556976403
Time:,0.04,x:   ,1.594144008323418,-0.031196755541214368,0.012101128565704816,0.8210701339275407,-0.05279389849688327,0.009895170862154341,18.79844605291527,0.33852063747634,18.45992541543893
Time:,0.05,x:   ,1.6072670647432437,-0.04870780330690516,0.018852608831809007,1.0262900176564322,-0.06566557048443064,0.012106785412667687,18.798484531667256,0.5288648708706571,18.2696196607966
Time:,0.06,x:   ,1.6232858544361302,-0.07003417668419738,0.02699026334590452,1.231432133749403,-0.07803727601927399,0.013913869954860901,18.798571081945973,0.7613542561281184,18.037216825817854
Time:,0.07,x:   ,1.6421737962934577,-0.0950773625982626,0.03636617555592313,1.4364313342216468,-0.08951858846478708,0.015006116549483412,18.79874038060445,1.0357868695742025,17.762953511030247
Time:,0.08,x:   ,1.6638869051210068,-0.12367433895233908,0.04673636442556596,1.641193125559935,-0.09956288276333816,0.014963557863242369,18.799039763973084,1.351825775536631,17.447213988436452
Time:,0.09,x:   ,1.6883589311627614,-0.15557942454435836,0.0577350980063527,1.8455878627111122,-0.1074526747208428,0.0132649678723687,18.799529853603833,1.7089582978319446,17.090571555771888
Time:,0.1,x:   ,1.7154976085314664,-0.19045006032197834,0.06885651962988995,2.049444849955969,-0.11229603851126464,0.009316625060036549,18.800284027786628,2.1064606963894383,16.69382333139719
Time:,0.11,x:   ,1.7451830076864643,-0.2278401830877488,0.0794495679530414,2.2525465648281755,-0.1130371109729544,0.0025027712379783436,18.801386506272976,2.5433748395200975,16.25801166675288
Time:,0.12,x:   ,1.7772687001313408,-0.26720390660209853,0.0887304670915513,2.4546233333457472,-0.1084818821224011,-0.007747130817432107,18.802929019820642,3.018502022695054,15.784426997125589
Time:,0.13,x:   ,1.811585776202825,-0.30790994494195767,0.09581315336032417,2.655348768648627,-0.09733756978752109,-0.02188579212441404,18.805006306176946,3.5304153367764166,15.274590969400528
Time:,0.14,x:   ,1.8479489120950843,-0.349264303102548,0.09975316799269861,2.8543360830787567,-0.07826083619797895,-0.04018477353337625,18.80771090842313,4.077487024835858,14.730223883587271
Time:,0.15,x:   ,1.8861630385052564,-0.39053653830813456,0.09959707000198807,3.051135089474317,-0.04990831184396386,-0.0626922566166829,18.811127851302945,4.657923246426129,14.153204604876818
Time:,0.16,x:   ,1.9260290361502677,-0.43098446092163933,0.09442914957605023,3.2452295553543253,-0.010983311492205678,-0.08921578181924761,18.815329711964978,5.269797477901093,13.545532234063884
Time:,0.17,x:   ,1.9673473022835264,-0.46987359314555893,0.08341021531903373,3.4360347713701667,0.039724920613727045,-0.11932480223063116,18.820372454661797,5.91107571390499,12.909296740756806
Time:,0.18,x:   ,2.009918746153599,-0.5064901482665156,0.06580785744026935,3.622895747725712,0.10330982726154067,-0.1523620421291381,18.82629227909922,6.579630355589809,12.246661923509413
Time:,0.19,x:   ,2.053543461943447,-0.540148594269131,0.041021814174746686,3.8050871501842938,0.180721717333395,-0.1874517139449883,18.83310372304606,7.273243352337238,11.559860370708824
Time:,0.2,x:   ,2.098017812798438,-0.5701963297008561,0.008610600711483039,3.9818166414924807,0.2727439099320702,-0.22349574082497684,18.840799375694758,7.989601676519198,10.85119769917556
Time:,0.21,x:   ,2.1431309327553665,-0.5960185114987039,-0.031673985266303765,4.1522334524873985,0.3799673966574081,-0.25915438381892825,18.849351745342766,8.726289430565298,10.123062314777467
Time:,0.22,x:   ,2.188661791182211,-0.6170457903963661,-0.07983953940445032,4.315443572939442,0.5027617938979948,-0.29281372490169594,18.85871796802815,9.480781265059337,9.377936702968812
Time:,0.23,x:   ,2.2343780057635794,-0.6327667152419402,-0.13559198449882814,4.4705317779232505,0.6412421395073277,-0.32254866662812204,18.868847959145267,10.250441750622567,8.6184062085227
Time:,0.24,x:   ,2.2800374618916415,-0.6427447889545941,-0.19826640752463023,4.616588810401047,0.7952328287126268,-0.34609566078760495,18.879696059854215,11.032534851299223,7.847161208554991
Time:,0.25,x:   ,2.32539332485163,-0.6466376333651344,-0.26676365167705945,4.752739919645389,0.9642307807331228,-0.36085216932404096,18.891235042147297,11.824246015204967,7.06698902694233
Time:,0.26,x:   ,2.3702020874530683,-0.6442131461726929,-0.33951286980961953,4.878169876627374,1.147368600147369,-0.3639164859520265,18.903469686655797,12.622715629293268,6.280754057362528
Time:,0.27,x:   ,2.414233065174256,-0.6353566084592809,-0.41447880897410183,4.9921412769576845,1.3433743894519736,-0.35216984407400503,18.91644583503571,13.425076439207636,5.491369395828074
Time:,0.28,x:   ,2.457276900948952,-0.620065358325187,-0.4892191124394368,5.094008122641287,1.5505193499945975,-0.3223863821933049,18.93025103400633,14.228480993833383,4.7017700401729465
Time:,0.29,x:   ,2.499150991399312,-0.5984340028332488,-0.560975417661193,5.183233308531296,1.7665413482519765,-0.27134672535494486,18.94500517408541,15.030102455556523,3.914902718528884
Time:,0.3,x:   ,2.5397014547319405,-0.5706401443240866,-0.6267656898862297,5.25942229796515,1.9885366636802766,-0.1959395240440093,18.960842842581457,15.827096634108148,3.1337462084733074
Time:,0.31,x:   ,2.5788033961541705,-0.5369438909938534,-0.6834461462150773,5.322382476267087,2.2128248671608124,-0.0932636272938793,18.977891577796996,16.616523610288127,2.361367967508868
Time:,0.32,x:   ,2.6163624424239345,-0.4977120776437045,-0.727728564967569,5.3722088054005726,2.4348122706005375,0.03921967428468297,18.99625124158354,17.395238212370696,1.6010130292128444
Time:,0.33,x:   ,2.652320115704158,-0.4534716254998665,-0.7561607860169002,5.409384750894291,2.648907765949508,0.20340416324464727,19.01598103678932,18.15976449467028,0.8562165421190404
Time:,0.34,x:   ,2.686663758848458,-0.4049878680285244,-0.7650936792557279,5.434876525470325,2.8485833777173903,0.4000315575114115,19.03710493760886,18.906167676960607,0.13093726064825106
Time:,0.35000000000000003,x:   ,2.7194388673114167,-0.353352955618314,-0.7506638776797093,5.450192515245743,3.0267178185022097,0.6278780791121705,19.059654514873067,19.629925044154543,-0.5702705292814771
Time:,0.36,x:   ,2.7507583494543235,-0.30005530542489817,-0.708822026662708,5.457386129395987,3.176394240485369,0.8826049032956416,19.083776875033735,20.325767575816922,-1.241990700783186
Time:,0.37,x:   ,2.7808005012223513,-0.24698334524307752,-0.6354431542277685,5.459010498159103,3.2923009145959283,1.1553223122123646,19.109933262229145,20.987405288178106,-1.87747202594896
Time:,0.38,x:   ,2.8097870786831747,-0.19629462838397432,-0.5266094310715714,5.458087612298524,3.372774441937093,1.4309426887917334,19.1391771867746,21.60696239915859,-2.467785212383991
Time:,0.39,x:   ,2.8379351186228643,-0.1500381365518868,-0.37937638144937436,5.458189680026383,3.422353552454212,1.6862568768604684,19.173381399792905,22.173900337950847,-3.0005189381579416
Time:,0.4,x:   ,2.86537798636565,-0.10930971275036369,-0.19394006342585168,5.463634848207658,3.4543135430268057,1.88770815687661,19.21496831782099,22.673514946813004,-3.4585466289920137
Time:,0.41000000000000003,x:   ,2.8920629279971943,-0.07266179819903953,0.021238266772105767,5.479438738695755,3.4905306396783575,1.9913607063554506,19.26517515212459,23.086785250234804,-3.8216100981102117
Time:,0.42,x:   ,2.9177311199247993,-0.034569986949805925,0.2432675215565946,5.5102612537052025,3.550347045922633,1.9559613802240607,19.320921665511896,23.396864075752205,-4.075942410240307
Time:,0.43,x:   ,2.9422212279405153,0.01241002801048062,0.4406881269067633,5.558499165555993,3.627239366697809,1.7750509430319787,19.375785399151773,23.602292123583855,-4.226506724432082
Time:,0.44,x:   ,2.9658896475672885,0.07192374513471737,0.5926346146611556,5.623718737732998,3.6875105786084608,1.486700700350005,19.42650447776674,23.717112840449857,-4.290608362683118
Time:,0.45,x:   ,2.989587059365948,0.1423591854725979,0.693912167030139,5.703862388090203,3.6975645427654937,1.1429750186721555,19.473845421784276,23.75621079174764,-4.2823653699633635
Time:,0.46,x:   ,3.0143860548965393,0.21943063534027937,0.7471280356687631,5.795857513324577,3.6393639926446415,0.788157473793806,19.519263819064523,23.729063394608165,-4.209799575543641
Time:,0.47000000000000003,x:   ,3.041361701107302,0.2983252246770887,0.7574834594469576,5.8953848268973985,3.5102215707255544,0.45421370130144767,19.563439179746197,23.641763909624505,-4.078324729878307
Time:,0.48,x:   ,3.071437091792054,0.37478485947052576,0.7310438244755072,5.99703433087612,3.317870239766496,0.16098576964865505,19.606387374849824,23.499300055832173,-3.8929126809823478
Time:,0.49,x:   ,3.1052994917727132,0.4455235238781164,0.6741114760150674,6.095099639464683,3.074975372538111,-0.08179301002637286,19.647932623664122,23.30620162660379,-3.6582690029396687
Time:,0.5,x:   ,3.1433968618234633,0.5081949195322522,0.5929521532745368,6.1844382102960775,2.7949444962767522,-0.27125543687865433,19.688027192485286,23.066285113137045,-3.3782579206517585
Time:,0.51,x:   ,3.1859843350518706,0.5611170754110448,0.49379090502384493,6.2609222095537636,2.48974181190925,-0.40831288309895664,19.72684149536079,22.78234030727866,-3.0554988119178677
Time:,0.52,x:   ,3.2331735045305225,0.6029599719364427,0.38298675533715393,6.321440126811319,2.169314081830652,-0.49570278106933197,19.764714906556733,22.45612505482447,-2.691410148267736
Time:,0.53,x:   ,3.284954199886022,0.6325381376251766,0.26717755433835044,6.363658015133578,1.841886200120687,-0.5372390859512154,19.80206010800977,22.088656971621273,-2.2865968636115044
Time:,0.54,x:   ,3.341188193299415,0.6487697371492038,0.15315074008760104,6.385780828077309,1.5145420575756239,-0.5377761318043315,19.83927184911841,21.680618798171782,-1.841346949053369
Time:,0.55,x:   ,3.401601496878644,0.6507737183498413,0.047343075944850654,6.386476716423,1.1937224662667785,-0.5032328661271401,19.876663158732086,21.23265074671684,-1.3559875879847543
Time:,0.56,x:   ,3.4658085592888823,0.6379909030895357,-0.04480863699999052,6.364976295801141,0.8854636620292776,-0.4402223173877188,19.91443694398767,20.745382415805466,-0.8309454718177949
Time:,0.5700000000000001,x:   ,3.5333755566592795,0.6102095410084611,-0.11925386491627704,6.321208838615904,0.5954156217706357,-0.35534191202680593,19.95268914474115,20.219234409243604,-0.2665452645024555
Time:,0.58,x:   ,3.603895435765001,0.5674749109109088,-0.17324697627353286,6.255824545029391,0.3288149545906866,-0.2545843767077822,19.991433476480612,19.654136608709173,0.33729686777143897
Time:,0.59,x:   ,3.677041040940708,0.5099590912110582,-0.20495769186683044,6.170073897539778,0.09053994164468426,-0.1432633054142402,20.030636424801404,19.049266878406474,0.981369546394931
Time:,0.6,x:   ,3.7525796626636705,0.43788214348277704,-0.2130774177532719,6.06562196239998,-0.11475458815031188,-0.026551446745137864,20.070247889268984,18.4028216927874,1.6674261964815869
Time:,0.61,x:   ,3.8303423317901943,0.3515582880097521,-0.19667460276806142,5.944395897974234,-0.28251837325871415,0.08942130866848103,20.11020258426843,17.711827696762814,2.398374887505616
Time:,0.62,x:   ,3.91013060484567,0.25166215204610687,-0.1555341370968485,5.808537409283157,-0.40837281014959254,0.19601717974104488,20.150343158444368,16.972148960932497,3.1781941975118713
Time:,0.63,x:   ,3.9915224626759844,0.13986892594226005,-0.09129657539757367,5.660468774688663,-0.4886293371832156,0.2806426410635184,20.190180794114116,16.179212835182298,4.010967958931818
Time:,0.64,x:   ,4.073561992731715,0.01992773444079132,-0.009525431198651357,5.502887937379975,-0.5214986778127769,0.3275950060184306,20.228458426296143,15.33052750514536,4.897930921150781
Time:,0.65,x:   ,4.154529620858767,-0.10155643003838577,0.07869830305672165,5.338226112107288,-0.5086806220009537,0.3251862026016295,20.26291319381588,14.430580032772916,5.832333161042965
Time:,0.66,x:   ,4.232307470608523,-0.21652340519463964,0.1593409959111161,5.167626602529155,-0.4561394210946792,0.27683847475424844,20.291178576335334,13.494533707873932,6.796644868461403
Time:,0.67,x:   ,4.305321251308731,-0.3189701186748043,0.22206513488063914,4.990896779822754,-0.3730697319962722,0.2006294460746357,20.31239447513216,12.54424193320456,7.768152541927598
Time:,0.68,x:   ,4.372990161985164,-0.40664517954683294,0.2634497595220822,4.807650856851607,-0.26947149332431475,0.11564129522356453,20.32739302494791,11.599747278130707,8.727645746817203
Time:,0.6900000000000001,x:   ,4.435393998044167,-0.4798379127137049,0.2846608956162836,4.617972515406507,-0.15404205273133945,0.033701276790276256,20.337654507769944,10.67526744155844,9.662387066211505
Time:,0.7000000000000001,x:   ,4.4928463913920105,-0.5397956183306588,0.2884343865862733,4.422338180962667,-0.033452108765546745,-0.039867840234045784,20.344564528196642,9.779891737532989,10.564672790663654
Time:,0.71,x:   ,4.545680625041088,-0.5879155723749632,0.27758245822136346,4.221411853920837,0.08746152344376482,-0.10337043659133233,20.349207318493285,8.919326502833774,11.429880815659509
Time:,0.72,x:   ,4.594180996546318,-0.6254733491122535,0.2545416975448113,4.015928340542555,0.20526859362127495,-0.1567681754370765,20.35238180889018,8.097195946365002,12.255185862525176
Time:,0.73,x:   ,4.638572582941098,-0.6535676579065655,0.22132785293324958,3.8066429606870527,0.31756989012269277,-0.20068347042008236,20.354663180915992,7.315827560280339,13.038835620635654
Time:,0.74,x:   ,4.679029107269133,-0.673133333325558,0.17960677236018963,3.594307898068542,0.42272483663071614,-0.23595536533461767,20.356458491803348,6.5767102440262795,13.77974824777707
Time:,0.75,x:   ,4.7156845753492,-0.6849697421310266,0.13078114348093497,3.3796558639948184,0.5196643690782057,-0.2634618655617812,20.358048462302257,5.880768485064653,14.477279977237604
Time:,0.76,x:   ,4.7486442328052325,-0.6897681849778046,0.0760638331301045,3.16338464634293,0.6077628208668736,-0.28406201513115886,20.359617802954304,5.228534647793309,15.131083155160997
Time:,0.77,x:   ,4.777993685485136,-0.6881339447152709,0.01653157130448101,2.9461414594301605,0.6867482484457511,-0.29858734776622275,20.36127761305656,4.620263529981325,15.741014083075237
Time:,0.78,x:   ,4.803806001147014,-0.680602292036768,-0.04684056593173987,2.728507865946404,0.7566371298344744,-0.30784893214027276,20.363082631878648,4.056012942897729,16.307069688980917
Time:,0.79,x:   ,4.826146830450738,-0.6676487647165793,-0.1131614310186798,2.510986574255134,0.8176841168613158,-0.31264348182566215,20.36504519731522,3.5357034188924383,16.82934177842278
Time:,0.8,x:   ,4.8450776119018455,-0.6496943800353651,-0.18161931132571021,2.2939914381032267,0.8703407103092228,-0.3137507185758559,20.36714698927047,3.0591645917596693,17.307982397510802
Time:,0.81,x:   ,4.8606569666846235,-0.6271067555233186,-0.25148601313880603,2.077841718343772,0.9152189729735404,-0.3119193332206575,20.369349030033675,2.6261728227086802,17.743176207324993
Time:,0.8200000000000001,x:   ,4.872940507487779,-0.6001984917291139,-0.32212391464778584,1.8627611502730381,0.9530581226838486,-0.30784238517962403,20.371599999429012,2.236482911146637,18.135117088282374
Time:,0.8300000000000001,x:   ,4.881979458109476,-0.5692244707078261,-0.39299020603494245,1.6488816815736342,0.9846931649526607,-0.3021251988967014,20.37384273401884,1.8898555323709776,18.483987201647864
Time:,0.84,x:   ,4.8878186382843705,-0.534379771101497,-0.46363353673080887,1.4362510972463176,1.0110255235830639,-0.2952496244173384,20.376018820752748,1.5860810821981195,18.789937738554627
Time:,0.85,x:   ,4.890494442776909,-0.49579964225198236,-0.5336802876721051,1.2248433573069508,1.0329957812418604,-0.2875380019007818,20.378071400524902,1.324999818269769,19.053071582255132
Time:,0.86,x:   ,4.8900334125165745,-0.45356253344024094,-0.6028100051512558,1.014570477110433,1.0515581704649575,-0.2791188634769249,20.379946551357175,1.106517589422175,19.273428961935
Time:,0.87,x:   ,4.886451890002506,-0.4076967492072158,-0.6707214435831529,0.8052951553094998,1.0676555368084142,-0.26989520074596296,20.38159382278611,0.9306160259141592,19.450977796871953
Time:,0.88,x:   ,4.87975712834097,-0.3581910646597311,-0.7370918167142846,0.5968439525745245,1.082192364405743,-0.25951587645292207,20.382966602406455,0.797355753717001,19.585610848689456
Time:,0.89,x:   ,4.869950124021213,-0.3050096220433772,-0.8015323986987906,0.389021457023225,1.0960023302644195,-0.2473520702905212,20.38402303111864,0.7068709243232587,19.677152106795383
Time:,0.9,x:   ,4.857030365685086,-0.24811153677864783,-0.8635440120018792,0.18162635376811945,1.1098060215805752,-0.2324838427503752,20.384728179621856,0.6593531375297936,19.72537504209206
Time:,0.91,x:   ,4.841002583121959,-0.1874756498566865,-0.9224766789036712,-0.02552957589224734,1.124154495496775,-0.21370692448881712,20.385058153159974,0.655022869282658,19.730035283877317
Time:,0.92,x:   ,4.821885350240802,-0.12313047160196255,-0.9774990506803866,-0.23259909815408042,1.1393564406318208,-0.1895757691864161,20.385006629512574,0.6940872057669624,19.690919423745612
Time:,0.93,x:   ,4.799720936797322,-0.05518823160256582,-1.027584922274555,-0.4396751142648912,1.1553925052715284,-0.15850288637740184,20.384593902163218,0.7766846061657157,19.6079092959975
Time:,0.9400000000000001,x:   ,4.774585064294073,0.016120131579973905,-1.0715251779308899,-0.6467685353199495,1.1718310813059627,-0.11893064556760713,20.38387761918096,0.9028210599248712,19.48105655925609
Time:,0.9500000000000001,x:   ,4.746594333210662,0.09041496735369106,-1.1079720219366975,-0.8537962831279129,1.187773495122777,-0.06957239461748566,20.3829630517821,1.0723071434460139,19.310655908336084
Time:,0.96,x:   ,4.715908505286655,0.1671510590730536,-1.1355162723883836,-1.0605884716646867,1.2018647851175477,-0.00968196393314445,20.382009297087254,1.284710304179644,19.09729899290761
Time:,0.97,x:   ,4.682725269974899,0.2456216850624626,-1.1527875377436947,-1.2669189475781717,1.212395644128538,0.060731894830878236,20.381227291081338,1.5393375903420918,18.841889700739245
Time:,0.98,x:   ,4.647267104557736,0.32498658763524535,-1.1585550104329514,-1.4725515054675122,1.2174852223356494,0.14084282358431785,20.380866963589327,1.835257451907763,18.545609511681565
Time:,0.99,x:   ,4.609762876756924,0.4043185499408126,-1.1518008024940134,-1.677281719937633,1.2152898185223573,0.22914598949231232,20.381194347802015,2.17135559777073,18.209838750031285
