dT,0.01,Substep Number,20
Time,State History
Time:,0.0,x:   ,0.1,0.2,-1.0,0.1
Time:,0.01,x:   ,0.06587840706178137,0.3244118763070222,-0.9696324053068492,0.05255608148753283
Time:,0.02,x:   ,0.038036181353001755,0.41961149341989673,-0.9435299593315367,0.017872418491752525
Time:,0.03,x:   ,0.014646183061222517,0.4940539986759722,-0.9208708762417337,-0.007231298524391085
Time:,0.04,x:   ,-0.005616387733232908,0.5538918381287096,-0.9010143986410877,-0.025307786840065856
Time:,0.05,x:   ,-0.023652481932143383,0.6033378128915231,-0.8834985337569925,-0.038219796923614685
Time:,0.06,x:   ,-0.040074328340227026,0.6452747116798082,-0.8679937489564634,-0.047298738920669374
Time:,0.07,x:   ,-0.05530583862567477,0.6817095342165955,-0.8542622938241301,-0.053500541043023125
Time:,0.08,x:   ,-0.0696475798878027,0.7140693386097422,-0.8421295481163211,-0.057520156825097035
Time:,0.09,x:   ,-0.08331777260415489,0.7433894811438994,-0.8314648692534578,-0.05986994845808137
Time:,0.1,x:   ,-0.09647838916452126,0.7704345817984838,-0.8221688488837314,-0.06093267687248888
Time:,0.11,x:   ,-0.10925210612847612,0.7957778930060613,-0.8141647311947161,-0.060997608152502825
Time:,0.12,x:   ,-0.12173357594821517,0.8198546197464379,-0.8073925303085427,-0.060285493049973875
Time:,0.13,x:   ,-0.1339970986594547,0.8429985805930833,-0.8018049202352152,-0.05896615056718752
Time:,0.14,x:   ,-0.1461019594960495,0.8654679620650138,-0.7973643096525681,-0.05717105962030725
Time:,0.15,x:   ,-0.15809621826505843,0.887463764021218,-0.7940407239234316,-0.055002521524111496
Time:,0.16,x:   ,-0.17001944915411987,0.9091432378753646,-0.7918102475469224,-0.05254042447490207
Time:,0.17,x:   ,-0.1819047545190461,0.9306298241103027,-0.7906538626716513,-0.049847302335694677
Time:,0.18,x:   ,-0.19378026713332697,0.9520205968261628,-0.7905565721189104,-0.04697216087845474
Time:,0.19,x:   ,-0.20567028600154016,0.9733919033977629,-0.7915067298251842,-0.04395340053699034
Time:,0.2,x:   ,-0.21759614578383651,0.9948036780579268,-0.7934955245105856,-0.04082106831057984
Time:,0.21,x:   ,-0.22957689003562018,1.016302768440678,-0.7965165778670165,-0.037598605828164156
Time:,0.22,x:   ,-0.24162979832496642,1.037925518950767,-0.8005656292147904,-0.034304215156598816
Time:,0.23,x:   ,-0.2537708034543145,1.059699788871806,-0.8056402860249499,-0.030951931994227758
Time:,0.24,x:   ,-0.2660148253503266,1.0816465366585992,-0.8117398249891646,-0.02755247309726338
Time:,0.25,x:   ,-0.2783760413333908,1.1037810686236458,-0.8188650321194695,-0.024113908298948328
Time:,0.26,x:   ,-0.2908681075492787,1.1261140261262534,-0.8270180731264959,-0.02064219540744187
Time:,0.27,x:   ,-0.30350434275329724,1.1486521676759947,-0.8362023873602412,-0.01714160732769018
Time:,0.28,x:   ,-0.3162978829874707,1.1713989892224377,-0.8464226001087652,-0.013615074066409119
Time:,0.29,x:   ,-0.32926181371452706,1.1943552160493451,-0.8576844491809946,-0.010064457235765796
Time:,0.3,x:   ,-0.34240928448201796,1.2175191922370547,-0.8699947225507134,-0.00649077083842422
Time:,0.31,x:   ,-0.35575361005452,1.2408871879741317,-0.8833612044815301,-0.002894359185508561
Time:,0.32,x:   ,-0.3693083610779062,1.2644536406390134,-0.8977926280386291,0.0007249594536617931
Time:,0.33,x:   ,-0.3830874466595016,1.288211342208312,-0.9132986322599083,0.004367776608872425
Time:,0.34,x:   ,-0.39710519071200434,1.312151582941885,-0.9298897225341277,0.008034999255458305
Time:,0.35000000000000003,x:   ,-0.41137640348062093,1.3362642592688863,-0.9475772329372237,0.011727772870902112
Time:,0.36,x:   ,-0.42591644932432754,1.3605379522220669,-0.9663732894250522,0.015447418224722287
Time:,0.37,x:   ,-0.440741311532525,1.384959981540336,-0.9862907728827202,0.019195378841389076
Time:,0.38,x:   ,-0.45586765471139995,1.4095164396071034,-1.0073432810957648,0.02297317654624346
Time:,0.39,x:   ,-0.47131288505740687,1.4341922086571146,-1.0295450887429523,0.0267823728584566
Time:,0.4,x:   ,-0.48709520863844885,1.4589709641237418,-1.052911104519081,0.030624534256495726
Time:,0.41000000000000003,x:   ,-0.5032336876186143,1.48383516657846,-1.0774568244822689,0.03450119952899021
Time:,0.42,x:   ,-0.5197482941833398,1.5087660444086366,-1.1031982806863245,0.03841384755238402
Time:,0.43,x:   ,-0.53665996174356,1.5337435691685206,-1.1301519841067253,0.042363863918863674
Time:,0.44,x:   ,-0.5539906328158051,1.5587464254055676,-1.1583348607998085,0.04635250488463986
Time:,0.45,x:   ,-0.5717633027874247,1.5837519766969974,-1.1877641801499677,0.05038085712962166
Time:,0.46,x:   ,-0.5900020585802689,1.608736229619058,-1.2184574739597802,0.05444979182433793
Time:,0.47000000000000003,x:   ,-0.6087321110214785,1.6336737974043867,-1.250432445023805,0.05855991149818754
Time:,0.48,x:   ,-0.6279798195170182,1.6585378651123763,-1.2837068636992277,0.06271148820477321
Time:,0.49,x:   ,-0.6477727074041284,1.6833001582348168,-1.318298450846783,0.06690439149601585
Time:,0.5,x:   ,-0.668139466136578,1.7079309167751053,-1.3542247453651943,0.07113800475878441
Time:,0.51,x:   ,-0.6891099462370399,1.7323988769638985,-1.3915029543842834,0.07541112854882487
Time:,0.52,x:   ,-0.7107151327419033,1.756671262895716,-1.4301497840194164,0.07972186969076141
Time:,0.53,x:   ,-0.7329871026758797,1.7807137904767043,-1.4701812484281054,0.08406751511454552
Time:,0.54,x:   ,-0.7559589619401997,1.8044906861485557,-1.5116124547550218,0.08844438968281977
Time:,0.55,x:   ,-0.7796647588956052,1.8279647228807596,-1.5544573614133455,0.09284769764450483
Time:,0.56,x:   ,-0.8041393718896123,1.851097275884334,-1.598728507039739,0.09727134783996733
Time:,0.5700000000000001,x:   ,-0.8294183680398856,1.873848400374977,-1.6444367073918298,0.10170776339149235
Time:,0.58,x:   ,-0.8555378307682682,1.8961769334812884,-1.6915907174487228,0.10614767734330147
Time:,0.59,x:   ,-0.882534153911827,1.918040622033494,-1.7401968560482082,0.1105799165643306
Time:,0.6,x:   ,-0.9104438007481712,1.9393962774601368,-1.7902585905738793,0.11499117718071285
Time:,0.61,x:   ,-0.9393030269919954,1.96019995834775,-1.841776079519546,0.1193657958372
Time:,0.62,x:   ,-0.9691475677748373,1.9804071803694865,-1.8947456712375816,0.12368552215666043
Time:,0.63,x:   ,-1.0000122898306347,1.9999731522586846,-1.9491593578537618,0.1279292988170898
Time:,0.64,x:   ,-1.0319308115848531,2.0188530352987684,-2.0050041842340236,0.13207305662241062
Time:,0.65,x:   ,-1.0649350955769934,2.0370022224425983,-2.0622616130446336,0.13608953271777036
Time:,0.66,x:   ,-1.0990550196042284,2.0543766317023224,-2.1209068483745925,0.13994812059206846
Time:,0.67,x:   ,-1.1343179350964498,2.0709330069280165,-2.1809081220930997,0.14361476061617895
Time:,0.68,x:   ,-1.1707482234224256,2.086629217610457,-2.2422259490826355,0.14705187948778428
Time:,0.6900000000000001,x:   ,-1.2083668629443363,2.10142454802003,-2.3048123596828924,0.1502183860168978
Time:,0.7000000000000001,x:   ,-1.2471910215036481,2.115279964978994,-2.36861012003618,0.15306972915178008
Time:,0.71,x:   ,-1.287233690419312,2.1281583530298813,-2.433551953441724,0.15555802203005034
Time:,0.72,x:   ,-1.3285033767715753,2.1400247058917463,-2.49955977817012,0.15763223323195938
Time:,0.73,x:   ,-1.3710038704935918,2.150846264062387,-2.5665439792938356,0.1592384434795491
Time:,0.74,x:   ,-1.4147341013921952,2.1605925903669214,-2.6344027337643388,0.16032016301351856
Time:,0.75,x:   ,-1.4596880985300589,2.1692355782418127,-2.7030214090111517,0.16081870210070412
Time:,0.76,x:   ,-1.505855060389203,2.1767493915501737,-2.7722720555641414,0.16067358492672396
Time:,0.77,x:   ,-1.5532195389971186,2.1831103395967895,-2.842013013457702,0.1598229958520302
Time:,0.78,x:   ,-1.6017617349711013,2.1882966964643824,-2.9120886503823913,0.15820424694188792
Time:,0.79,x:   ,-1.6514578935935325,2.1922884794186506,-2.9823292467211413,0.15575425700635562
Time:,0.8,x:   ,-1.7022807850331247,2.195067206432923,-3.0525510388770583,0.1524100351536864
Time:,0.81,x:   ,-1.7542002451698746,2.196615657333024,-3.1225564279300264,0.14810916596882384
Time:,0.8200000000000001,x:   ,-1.8071837476224883,2.1969176661558363,-3.192134356033985,0.14279029863934542
Time:,0.8300000000000001,x:   ,-1.861196972871222,2.1959579736332344,-3.261060848568037,0.13639364832179884
Time:,0.84,x:   ,-1.9162043370235584,2.193722167964507,-3.3290997164230096,0.12886152437072593
Time:,0.85,x:   ,-1.97216944083495,2.1901967390715744,-3.3960034104870735,0.1201389063233917
Time:,0.86,x:   ,-2.0290553989965807,2.1853692663105377,-3.461514019882722,0.11017409433562082
Time:,0.87,x:   ,-2.086825010307122,2.1792287521935187,-3.5253644071816552,0.09891946568936455
Time:,0.88,x:   ,-2.1454407310741623,2.1717661051524733,-3.587279477886475,0.08633237258959701
Time:,0.89,x:   ,-2.2048644170262452,2.1629747628665448,-3.6469775878831387,0.0723762181668121
Time:,0.9,x:   ,-2.2650568035188687,2.1528514343271667,-3.7041721009959545,0.05702174661480225
Time:,0.91,x:   ,-2.325976700612192,2.141396923893198,-3.758573118501309,0.040248578621842966
Time:,0.92,x:   ,-2.3875798898044356,2.1286169846130716,-3.8098894123090195,0.02204701322809874
Time:,0.93,x:   ,-2.4498177242752868,2.114523132050685,-3.8578306018163744,0.0024201001637859133
Time:,0.9400000000000001,x:   ,-2.5126354560056474,2.099133335439698,-3.902109618956372,-0.018614039328958155
Time:,0.9500000000000001,x:   ,-2.5759703423894678,2.0824724927958798,-3.942445504010113,-0.0410197017853728
Time:,0.96,x:   ,-2.639749622305048,2.064572594146838,-3.97856656342223,-0.06474100708199548
Time:,0.97,x:   ,-2.7038884956295326,2.0454724864067657,-4.010213897495759,-0.08969938312318973
Time:,0.98,x:   ,-2.76828828666802,2.0252171785359168,-4.037145268824432,-0.1157913528766249
Time:,0.99,x:   ,-2.832835013278654,2.0038566687844916,-4.059139232055977,-0.1428869010657316
Time:,1.0,x:   ,-2.897398608585003,1.9814443359224427,-4.075999385564754,-0.1708287310821176
Time:,1.01,x:   ,-2.9618330381596936,1.9580350071960988,-4.087558543142322,-0.19943271797540088
Time:,1.02,x:   ,-3.025977510864418,1.9336828853682937,-4.093682569852715,-0.22848980536772706
Time:,1.03,x:   ,-3.0896588905712554,1.9084395692572418,-4.09427359391181,-0.2577694756624483
Time:,1.04,x:   ,-3.1526952838916693,1.8823524199167705,-4.089272308287874,-0.2870247513826478
Time:,1.05,x:   ,-3.2149006240458387,1.855463496577794,-4.078659119544908,-0.3159984859876098
Time:,1.06,x:   ,-3.2760899224258644,1.8278092121759992,-4.062453986935398,-0.34443051460102175
Time:,1.07,x:   ,-3.336084750429693,1.7994207505486046,-4.040714911650618,-0.3720651023288692
Time:,1.08,x:   ,-3.394718471487165,1.7703251697531488,-4.01353516564681,-0.39865808356797866
Time:,1.09,x:   ,-3.4518407778081523,1.740547015470124,-3.9810394686873694,-0.4239831408428382
Time:,1.1,x:   ,-3.507321189469197,1.7101102066588865,-3.9433794103638444,-0.4478368107914213
Time:,1.11,x:   ,-3.5610513198086746,1.6790399420484046,-3.900728457710858,-0.4700419921684797
Time:,1.12,x:   ,-3.6129458679638686,1.6473644065823712,-3.853276885931139,-0.49044992306925655
Time:,1.1300000000000001,x:   ,-3.6629424367322927,1.6151161174480049,-3.8012269268551013,-0.5089407553167596
Time:,1.1400000000000001,x:   ,-3.711000371981874,1.5823328217647372,-3.744788360652314,-0.525422961623783
Time:,1.1500000000000001,x:   ,-3.7570988716078557,1.5490579263517892,-3.6841746964927626,-0.5398318612211577
Time:,1.16,x:   ,-3.801234621540349,1.515340493709354,-3.61960001088138,-0.5521275506931596
Time:,1.17,x:   ,-3.843419194197639,1.4812348731794605,-3.551276447614097,-0.5622924940625202
Time:,1.18,x:   ,-3.883676403804891,1.4468000529572456,-3.479412335357975,-0.5703289758733937
Time:,1.19,x:   ,-3.922039764632281,1.4120988209073932,-3.404210848379989,-0.5762565663725919
Time:,1.2,x:   ,-3.958550150927066,1.3771968147216407,-3.3258691208980307,-0.5801096977167656
Time:,1.21,x:   ,-3.9932537162490083,1.3421615292289484,-3.2445777225209826,-0.5819354090159677
Time:,1.22,x:   ,-4.026200097347356,1.3070613340531168,-3.160520407601287,-0.5817912873023285
Time:,1.23,x:   ,-4.057440903905807,1.2719645405781326,-3.07387406172082,-0.5797436104910498
Time:,1.24,x:   ,-4.087028479507335,1.2369385446079189,-2.984808781316615,-0.5758656853778026
Time:,1.25,x:   ,-4.115014909575505,1.2020490607345875,-2.893488035713872,-0.5702363667031307
Time:,1.26,x:   ,-4.141451247272579,1.16735945632164,-2.800068873324087,-0.562938740456477
Time:,1.27,x:   ,-4.16638692696099,1.1329301869659587,-2.704702144775449,-0.5540589543649106
Time:,1.28,x:   ,-4.189869335698326,1.0988183310102708,-2.607532724952408,-0.5436851797681236
Time:,1.29,x:   ,-4.211943515444797,1.0650772177985885,-2.5086997232778714,-0.5319066910239549
Time:,1.3,x:   ,-4.232651971572857,1.031756142589705,-2.408336677185346,-0.5188130507045999
Time:,1.31,x:   ,-4.25203456644201,0.9989001601032849,-2.306571727799774,-0.5044933908338188
Time:,1.32,x:   ,-4.27012847995574,0.9665499483543599,-2.2035277796140367,-0.4890357821307211
Time:,1.33,x:   ,-4.286968221983689,0.9347417345644138,-2.099322647658289,-0.4725266846145009
Time:,1.34,x:   ,-4.302585684220327,0.9035072753858313,-1.9940691965426973,-0.4550504739933168
Time:,1.35,x:   ,-4.317010221423421,0.872873884333364,-1.887875476017594,-0.4366890390459946
Time:,1.36,x:   ,-4.3302687540246945,0.842864500093289,-1.7808448575162394,-0.4175214457554633
Time:,1.37,x:   ,-4.342385885843287,0.8134977902045845,-1.6730761756716128,-0.39762366431616725
Time:,1.3800000000000001,x:   ,-4.353384032081499,0.7847882854150314,-1.5646638781487043,-0.37706835535671906
Time:,1.3900000000000001,x:   ,-4.3632835539680865,0.7567465407577924,-1.455698186399926,-0.3559247118284631
Time:,1.4000000000000001,x:   ,-4.372102897364276,0.729379320031122,-1.3462652692025165,-0.3342583530375326
Time:,1.41,x:   ,-4.379858733389996,0.702689800868113,-1.236447430122324,-0.31213126726354273
Time:,1.42,x:   ,-4.3865660996894285,0.6766777979408977,-1.1263233094003169,-0.28960179932965685
Time:,1.43,x:   ,-4.392238541363203,0.6513400020544179,-1.0159681001951522,-0.2667246793820129
Time:,1.44,x:   ,-4.396888250875823,0.6266702329618696,-0.9054537786448354,-0.24355108901672767
Time:,1.45,x:   ,-4.40052620642674,0.6026597037015947,-0.794849346832221,-0.22012876077555876
Time:,1.46,x:   ,-4.403162308376585,0.5792972941461085,-0.6842210874464345,-0.1965021069325743
Time:,1.47,x:   ,-4.404805513369078,0.5565698313048232,-0.5736328287148086,-0.1727123734289199
Time:,1.48,x:   ,-4.405463965804163,0.5344623737694963,-0.4631462180253443,-0.14879781479400755
Time:,1.49,x:   ,-4.405145126315746,0.5129584975679409,-0.3528210025551099,-0.12479388592889692
Time:,1.5,x:   ,-4.403855896901317,0.49204058062211214,-0.2427153151530773,-0.10073344672660899
Time:,1.51,x:   ,-4.401602742349799,0.4716900830070291,-0.13288596368575561,-0.07664697566492902
Time:,1.52,x:   ,-4.398391807623475,0.4518878202827243,-0.023388722031543546,-0.05256278872534802
Time:,1.53,x:   ,-4.394229030871787,0.43261422731902444,0.0857213791020823,-0.028507260258270557
Time:,1.54,x:   ,-4.3891202517883325,0.41384961024142564,0.19438976337063932,-0.004505042717475904
Time:,1.55,x:   ,-4.383071315064775,0.3955743843797674,0.30256202382999975,0.019420717487711275
Time:,1.56,x:   ,-4.376088168742766,0.377769296381732,0.4101836436585222,0.04324817044001014
Time:,1.57,x:   ,-4.368176957313398,0.3604156289426655,0.5171997244070622,0.06695656154925601
Time:,1.58,x:   ,-4.35934410945913,0.3434953868865092,0.6235547236235572,0.09052604054804107
Time:,1.59,x:   ,-4.349596420372865,0.3269914635982249,0.72919220370163,0.11393748212944484
Time:,1.6,x:   ,-4.338941128620615,0.310887787048946,0.834054593803322,0.13717231944474345
Time:,1.61,x:   ,-4.327385987537196,0.29516944486859426,0.9380829667031575,0.160212391445114
Time:,1.62,x:   ,-4.314939331158776,0.2798227881082534,1.041216832392515,0.18303980484640456
Time:,1.6300000000000001,x:   ,-4.301610134702392,0.26483551350057166,1.1433939502678223,0.20563681131707626
Time:,1.6400000000000001,x:   ,-4.287408069602639,0.250196724177271,1.2445501617013464,0.22798570033205715
Time:,1.6500000000000001,x:   ,-4.272343553110935,0.23589696894567422,1.344619244757032,0.25006870799432324
Time:,1.6600000000000001,x:   ,-4.256427792455215,0.22192826036806573,1.4435327927636383,0.27186794199624764
Time:,1.67,x:   ,-4.2396728235492365,0.2082840720346955,1.5412201183907708,0.293365322769226
Time:,1.68,x:   ,-4.2220915442325,0.1949593155777155,1.6376081847878483,0.31454254074868027
Time:,1.69,x:   ,-4.203697742015368,0.18195029814173563,1.7326215652390633,0.3353810295591803
Time:,1.7,x:   ,-4.184506116300434,0.16925466120737984,1.8261824326566658,0.3558619547991893
Time:,1.71,x:   ,-4.164532295051176,0.15687130185565465,1.9182105800784117,0.3759662179760739
Time:,1.72,x:   ,-4.143792845883187,0.1448002777599314,2.0086234731511827,0.39567447500979175
Time:,1.73,x:   ,-4.122305281562183,0.1330426973944835,2.097336335370564,0.4149671685892268
Time:,1.74,x:   ,-4.100088059907215,0.12160059714866059,2.184262266605383,0.43382457353024934
Time:,1.75,x:   ,-4.077160578117279,0.11047680722846251,2.2693123951673955,0.4522268541514303
Time:,1.76,x:   ,-4.0535431615656785,0.09967480840712106,2.352396063391115,0.4701541325543113
Time:,1.77,x:   ,-4.0292570471393345,0.0891985818482923,2.4334210463697707,0.4875865665726476
Time:,1.78,x:   ,-4.004324361240426,0.07905245436508306,2.5122938031542867,0.5045044360414742
Time:,1.79,x:   ,-3.9787680926156224,0.06924094159138154,2.5889197593675974,0.5208882359344325
Time:,1.8,x:   ,-3.9526120602336086,0.05976859162524198,2.663203619822205,0.5367187748287422
Time:,1.81,x:   ,-3.925880876494376,0.050639831754036656,2.73504970936091,0.5519772770836325
Time:,1.82,x:   ,-3.898599906122818,0.04185882088443343,2.804362339776042,0.5666454870621828
Time:,1.83,x:   ,-3.8707952211726897,0.03342931027356623,2.8710462003084416,0.5807057736906505
Time:,1.84,x:   ,-3.8424935526426474,0.025354515087440608,2.9350067688911126,0.5941412336359483
Time:,1.85,x:   ,-3.8137222392805565,0.017636999194934992,2.99615074099089,0.6069357913934733
Time:,1.86,x:   ,-3.7845091742216437,0.010278575437098373,3.0543864726210566,0.6190742946165616
Time:,1.87,x:   ,-3.7548827501661033,0.003280223388643431,3.109624433854367,0.6305426030877459
Time:,1.8800000000000001,x:   ,-3.7248718038477024,-0.0033579736505791654,3.161777668964154,0.6413276698326869
Time:,1.8900000000000001,x:   ,-3.6945055605724058,-0.009636871032386397,3.2107622591647647,0.6514176130112965
Time:,1.9000000000000001,x:   ,-3.663813579611039,-0.015558283495017408,3.256497783814112,0.6608017773874285
Time:,1.9100000000000001,x:   ,-3.632825701209252,-0.0211249836879827,3.298907775882086,0.6694707843774604
Time:,1.92,x:   ,-3.601571995929747,-0.026340678405260894,3.3379201674792056,0.6774165699065906
Time:,1.93,x:   ,-3.5700827169652416,-0.031209962964060527,3.373467721279865,0.6846324095555185
Time:,1.94,x:   ,-3.538388255957211,-0.03573825470416006,3.405488443762333,0.6911129307535309
Time:,1.95,x:   ,-3.5065191027279785,-0.039931707122544194,3.4339259763215657,0.6968541120595466
Time:,1.96,x:   ,-3.474505809186674,-0.04379710668058104,3.458729960488606,0.70185326986173
Time:,1.97,x:   ,-3.442378957509059,-0.04734175480598655,3.4798563737093042,0.7061090331093973
Time:,1.98,x:   ,-3.4101691325240915,-0.05057333803891572,3.49726783239279,0.7096213069581394
Time:,1.99,x:   ,-3.3779068980742983,-0.053499789621532096,3.5109338592338646,0.7123912264506325
Time:,2.0,x:   ,-3.3456227769602123,-0.056129146086705176,3.5208311121405353,0.7144211015623786
Time:,2.0100000000000002,x:   ,-3.3133472339388654,-0.05846940255114929,3.5269435724555938,0.7157143551058358
Time:,2.02,x:   ,-3.281110661129226,-0.06052837045312717,3.5292626905464672,0.7162754551020056
Time:,2.0300000000000002,x:   ,-3.248943365088783,-0.06231354139194442,3.527787487247408,0.7161098432916446
Time:,2.04,x:   ,-3.2168755547688557,-0.06383196052867458,3.522524610068929,0.7152238614674054
Time:,2.05,x:   ,-3.18493732953364,-0.06509011270324382,3.5134883435371242,0.7136246772643999
Time:,2.06,x:   ,-3.1531586664393036,-0.06609382402561076,3.5007005734858376,0.711320210953398
Time:,2.07,x:   ,-3.1215694060129993,-0.06684818122594026,3.4841907055921597,0.708319064643809
Time:,2.08,x:   ,-3.090199235844079,-0.06735747052110594,3.4639955389150616,0.7046304551302536
Time:,2.09,x:   ,-3.0590776713964494,-0.0676251371950709,3.440159095661861,0.7002641514157525
Time:,2.1,x:   ,-3.028234033566484,-0.06765376652156577,3.412732408861143,0.6952304177260247
Time:,2.11,x:   ,-2.997697422639328,-0.06744508610095304,3.38177327005715,0.6895399626028531
Time:,2.12,x:   ,-2.967496688431587,-0.0669999891590321,3.3473459395526186,0.6832038944394564
Time:,2.13,x:   ,-2.9376603965447683,-0.06631857788047132,3.3095208221082015,0.6762336836057778
Time:,2.14,x:   ,-2.908216790786169,-0.06540022543641516,3.268374111350677,0.6686411311138302
Time:,2.15,x:   ,-2.8791937519378115,-0.06424365502325666,3.2239874064435963,0.6604383435982756
Time:,2.16,x:   ,-2.850618753166156,-0.06284703396198213,3.176447304828069,0.6516377142391064
Time:,2.17,x:   ,-2.822518812463211,-0.06120808071521484,3.12584497504406,0.6422519091335896
Time:,2.18,x:   ,-2.7949204425918692,-0.05932418255884603,3.072275713790979,0.632293858533824
Time:,2.19,x:   ,-2.767849599074144,-0.05719252159073149,3.0158384914787435,0.6217767523030943
Time:,2.2,x:   ,-2.7413316268107923,-0.054810206761958344,2.956635490556095,0.6107140389062155
Time:,2.21,x:   ,-2.7153912059551,-0.052174409666871945,2.894771640882274,0.599119427232926
Time:,2.22,x:   ,-2.690052297683684,-0.04928250191605962,2.8303541563325316,0.5870068905552388
Time:,2.23,x:   ,-2.6653380905142905,-0.04613219203162794,2.763492076700084,0.5743906719355214
Time:,2.24,x:   ,-2.6412709478162317,-0.04272165993700708,2.6942958187801787,0.561285290428101
Time:,2.25,x:   ,-2.6178723571446576,-0.039049687256069686,2.622876740300257,0.5477055474500276
Time:,2.2600000000000002,x:   ,-2.5951628820065995,-0.03511578178212439,2.5493467200985664,0.5336665327335329
Time:,2.27,x:   ,-2.573162116635598,-0.030920294621731015,2.4738177576573936,0.5191836293118164
Time:,2.2800000000000002,x:   ,-2.551888644313593,-0.026464528658599346,2.3964015947721147,0.5042725170299495
Time:,2.29,x:   ,-2.5313599997341125,-0.02175083711821063,2.3172093617896072,0.4889491741137411
Time:,2.3000000000000003,x:   ,-2.511592635849939,-0.01678271114501848,2.236351250485257,0.473229876371855
Time:,2.31,x:   ,-2.49260189559159,-0.011564855433253857,2.1539362152731374,0.4571311936514769
Time:,2.32,x:   ,-2.474401988780098,-0.006103251082570035,2.0700717040648984,0.44066998321698814
Time:,2.33,x:   ,-2.4570059744888373,-0.0004052049846324837,1.9848634197152255,0.4238633797761884
Time:,2.34,x:   ,-2.440425749034649,0.005520614810020393,1.8984151126210684,0.40672878194138273
Time:,2.35,x:   ,-2.4246720396985677,0.011664158140677715,1.8108284046830814,0.38928383498455243
Time:,2.36,x:   ,-2.4097544041916263,0.018013986427685286,1.7222026444955985,0.37154640982776893
Time:,2.37,x:   ,-2.3956812357925363,0.024557281049177575,1.6326347933100387,0.3535345783021475
Time:,2.38,x:   ,-2.3824597739926983,0.031279866247669784,1.5422193410193574,0.33526658481020866
Time:,2.39,x:   ,-2.370096120391801,0.0381662461999681,1.451048251140996,0.3167608146357421
Time:,2.4,x:   ,-2.3585952594963824,0.04519965566490464,1.3592109335349771,0.2980357592593677
Time:,2.41,x:   ,-2.347961083986517,0.05236212340242562,1.2667942433839536,0.27910997915319885
Time:,2.42,x:   ,-2.338196423935125,0.05963454734209101,1.1738825047841372,0.2600020646398316
Time:,2.43,x:   ,-2.3293030793929574,0.06699678027768426,1.0805575571504051,0.240730595504277
Time:,2.44,x:   ,-2.321281855693008,0.0744277246864626,0.9868988225251402,0.22131410013720118
Time:,2.45,x:   ,-2.3141326007834313,0.08190543512547752,0.8929833917975238,0.20177101505890682
Time:,2.46,x:   ,-2.307854243870099,0.08940722655132818,0.7988861277864981,0.18211964572142753
Time:,2.47,x:   ,-2.3024448346404123,0.09690978685005015,0.7046797831142695,0.1623781295073358
Time:,2.48,x:   ,-2.297901582349581,0.10438929185480678,0.6104351307954723,0.14256440183605587
Time:,2.49,x:   ,-2.2942208940795528,0.11182152117231303,0.5162211054869248,0.12269616625065212
Time:,2.5,x:   ,-2.291398411528181,0.11918197323341172,0.42210495338106346,0.10279086929073454
Time:,2.5100000000000002,x:   ,-2.2894290457508135,0.12644597812520175,0.32815238877922065,0.08286568086221258
Time:,2.52,x:   ,-2.2883070093558575,0.13358880694543102,0.23442775544555844,0.06293748069530307
Time:,2.5300000000000002,x:   ,-2.28802584574752,0.1405857766364254,0.14099419091540383,0.04302285134262923
Time:,2.54,x:   ,-2.2885784551097625,0.1474123494962005,0.04791379200999743,0.02313807801427287
Time:,2.5500000000000003,x:   ,-2.289957116932256,0.15404422681849106,-0.044752220109344786,0.003299155381417603
Time:,2.56,x:   ,-2.2921535089888034,0.16045743637113372,-0.13694333693308017,-0.01647819869012048
Time:,2.57,x:   ,-2.2951587227881616,0.16662841367402895,-0.2285996031461425,-0.036178522685826366
Time:,2.58,x:   ,-2.298963275623805,0.17253407727534295,-0.3196614621478173,-0.05578658464393784
Time:,2.59,x:   ,-2.303557119450715,0.17815189844062781,-0.410069607899112,-0.07528734954767494
Time:,2.6,x:   ,-2.3089296469116984,0.18345996585863306,-0.49976484437445995,-0.09466594159242459
Time:,2.61,x:   ,-2.315069694921681,0.18843704612580026,-0.5886879538231259,-0.11390760214862938
Time:,2.62,x:   ,-2.321965546294572,0.19306264089624842,-0.6767795749753648,-0.1329976443639258
Time:,2.63,x:   ,-2.3296049299628727,0.19731704167412803,-0.7639800922580718,-0.1519214054561431
Time:,2.64,x:   ,-2.337975020394321,0.20118138328010504,-0.8502295370130318,-0.17066419784143783
Time:,2.65,x:   ,-2.3470624368518855,0.20463769704355078,-0.9354675016365359,-0.18921126031850394
Time:,2.66,x:   ,-2.3568532431725964,0.20766896475715485,-1.0196330674807565,-0.20754771058975688
Time:,2.67,x:   ,-2.367332948756167,0.2102591743815374,-1.1026647472736373,-0.22565850044263527
Time:,2.68,x:   ,-2.3784865114551037,0.21239337840423075,-1.1845004427242447,-0.24352837493728482
Time:,2.69,x:   ,-2.390298343042851,0.21405775564004995,-1.265077417883891,-0.261141836948977
Time:,2.7,x:   ,-2.402752317904207,0.21523967710805575,-1.3443322887296665,-0.2784831183922626
Time:,2.71,x:   ,-2.4158317855413336,0.2159277764335253,-1.4222010293264822,-0.29553615940623224
Time:,2.72,x:   ,-2.429519587417869,0.21611202500118812,-1.4986189948070152,-0.3122845967032157
Time:,2.73,x:   ,-2.4437980785719353,0.21578381182847284,-1.5735209612871193,-0.3287117621735956
Time:,2.74,x:   ,-2.458649154315326,0.21493602783548663,-1.6468411827088396,-0.34480069269415475
Time:,2.75,x:   ,-2.474054282201024,0.21356315386414565,-1.7185134644759434,-0.3605341519041265
Time:,2.7600000000000002,x:   ,-2.489994539285174,0.21166135144636064,-1.7884712536198715,-0.3758946644904866
Time:,2.77,x:   ,-2.506450654534664,0.2092285549469788,-1.8566477451093606,-0.3908645632620992
Time:,2.7800000000000002,x:   ,-2.5234030560409497,0.2062645633206618,-1.9229760037966035,-0.40542604899310153
Time:,2.79,x:   ,-2.540831922499413,0.20277112933564193,-1.9873891013785518,-0.41956126268372096
Time:,2.8000000000000003,x:   ,-2.558717238207807,0.1987520437472856,-2.049820267645041,-0.43325236952858615
Time:,2.81,x:   ,-2.577038850635049,0.19421321156972116,-2.1102030551866076,-0.4464816535083802
Time:,2.82,x:   ,-2.5957765294221815,0.1891627173162674,-2.1684715166442174,-0.4592316211431328
Time:,2.83,x:   ,-2.6149100255107607,0.18361087588259153,-2.2245603935000036,-0.47148511257987763
Time:,2.84,x:   ,-2.6344191289612295,0.1775702656543975,-2.278405315331121,-0.4832254178512042
Time:,2.85,x:   ,-2.6542837239354107,0.17105574045665214,-2.3299430083762105,-0.494436395852979
Time:,2.86,x:   ,-2.6744838392827504,0.1640844171431271,-2.379111512193492,-0.5051025933678677
Time:,2.87,x:   ,-2.6949996931970794,0.15667563596699605,-2.4258504031190036,-0.5152093613235974
Time:,2.88,x:   ,-2.715811730504566,0.14885089138116223,-2.470101023161148,-0.5247429654357176
Time:,2.89,x:   ,-2.736900651305694,0.14063373158700343,-2.511806712892336,-0.5336906884542121
Time:,2.9,x:   ,-2.758247429922261,0.1320496259673974,-2.550913046819918,-0.5420409214163348
Time:,2.91,x:   ,-2.7798333233877877,0.12312580047787823,-2.5873680696379058,-0.5497832416025398
Time:,2.92,x:   ,-2.801639869055611,0.11389104209134499,-2.6211225316805162,-0.5569084752893583
Time:,2.93,x:   ,-2.8236488712686714,0.10437547445056396,-2.6521301218219433,-0.5634087438765547
Time:,2.94,x:   ,-2.84584237742134,0.09461030792611719,-2.680347695998611,-0.5692774925138459
Time:,2.95,x:   ,-2.86820264412742,0.08462756825020294,-2.7057354994757077,-0.5745095009380319
Time:,2.96,x:   ,-2.8907120945703557,0.07445980874517745,-2.7282573809444326,-0.5791008768250787
Time:,2.97,x:   ,-2.913353268433533,0.06413981184228094,-2.747880996525038,-0.583049032533329
Time:,2.98,x:   ,-2.936108766074547,0.05370028605282776,-2.7645780017675134,-0.5863526466353288
Time:,2.99,x:   ,-2.9589611888052936,0.0431735647863625,-2.778324229789295,-0.5890116120822244
Time:,3.0,x:   ,-2.981893077261962,0.03259131339771318,-2.7890998537689344,-0.5910269731973868
Time:,3.0100000000000002,x:   ,-3.0048868498923125,0.021984250592427125,-2.7968895321256215,-0.5924008539425848
Time:,3.02,x:   ,-3.0279247435535375,0.011381889846773342,-2.801682534854842,-0.5931363800353392
Time:,3.0300000000000002,x:   ,-3.050988758108252,0.0008123058352173442,-2.803472849656839,-0.593237597521633
Time:,3.04,x:   ,-3.0740606067376994,-0.009698069955361441,-2.8022592666827717,-0.5927093903313951
Time:,3.0500000000000003,x:   ,-3.0971216734717,-0.020124621164669752,-2.7980454409287616,-0.591557399177401
Time:,3.06,x:   ,-3.1201529791769933,-0.03044468376971112,-2.7908399315255488,-0.589787943917015
Time:,3.0700000000000003,x:   ,-3.1431351569628783,-0.040637647279024254,-2.7806562173969427,-0.5874079511979277
Time:,3.08,x:   ,-3.166048437668209,-0.05068501959027549,-2.7675126889894526,-0.5844248888716241
Time:,3.09,x:   ,-3.1888726457987966,-0.06057045609991691,-2.7514326160054483,-0.58084670829894
Time:,3.1,x:   ,-3.211587205999226,-0.07027975447685597,-2.7324440913001715,-0.5766817953064632
Time:,3.11,x:   ,-3.234171159876531,-0.07980081723071454,-2.7105799513270568,-0.5719389301943872
Time:,3.12,x:   ,-3.2566031927515464,-0.08912358480750755,-2.6858776737346086,-0.566627256857114
Time:,3.13,x:   ,-3.278861669701871,-0.09823994242602278,-2.6583792529302994,-0.5607562607664879
Time:,3.14,x:   ,-3.3009246800810903,-0.10714360422669446,-2.628131054631374,-0.5543357552908542
Time:,3.15,x:   ,-3.322770089553967,-0.11582997854529317,-2.59518365061789,-0.5473758755860413
Time:,3.16,x:   ,-3.3443755985768715,-0.12429601825323522,-2.559591635088151,-0.5398870790999578
Time:,3.17,x:   ,-3.3657188061762815,-0.132540060133658,-2.521413424189171,-0.53188015158243
Time:,3.18,x:   ,-3.386777277834144,-0.14056165719772407,-2.4807110404527704,-0.5233662173865676
Time:,3.19,x:   ,-3.4075286162753633,-0.1483614076995755,-2.437549884009051,-0.5143567527866663
Time:,3.2,x:   ,-3.4279505339671066,-0.15594078439184642,-2.3919984925706728,-0.5048636010188751
Time:,3.21,x:   ,-3.4480209261791344,-0.16330196728744725,-2.344128292281234,-0.49489898777219427
Time:,3.22,x:   ,-3.467717943516086,-0.1704476828680862,-2.2940133415965867,-0.48447553591574044
Time:,3.23,x:   ,-3.487020062913257,-0.17738105231607043,-2.2417300704171326,-0.4736062783398798
Time:,3.24,x:   ,-3.5059061561836002,-0.1841054509534618,-2.1873570167103398,-0.46230466790949304
Time:,3.25,x:   ,-3.524355555312301,-0.19062438066156276,-2.130974562854911,-0.450584583672452
Time:,3.2600000000000002,x:   ,-3.5423481138127917,-0.1969413566335831,-2.0726646739007015,-0.4384603326301392
Time:,3.27,x:   ,-3.5598642635814004,-0.20305980939353077,-2.0125106398720436,-0.4259466465539769
Time:,3.2800000000000002,x:   ,-3.576885066813742,-0.20898300260380726,-1.9505968241474994,-0.41305867351671965
Time:,3.29,x:   ,-3.5933922626714403,-0.2147139667910905,-1.8870084198281043,-0.39981196399394536
Time:,3.3000000000000003,x:   ,-3.609368308510138,-0.22025544875264133,-1.8218312158610965,-0.38622245157410745
Time:,3.31,x:   ,-3.6247964155962666,-0.2256098760701284,-1.7551513745200553,-0.3723064284893269
Time:,3.3200000000000003,x:   ,-3.639660579348711,-0.2307793358614173,-1.6870552216586052,-0.35808051633890486
Time:,3.33,x:   ,-3.653945604240103,-0.23576556664735446,-1.6176290509571396,-0.3435616325190133
Time:,3.34,x:   ,-3.667637123579751,-0.24056996200398104,-1.5469589431743451,-0.32876695299161945
Time:,3.35,x:   ,-3.680721614474757,-0.24519358451304296,-1.475130601201622,-0.3137138721206955
Time:,3.36,x:   ,-3.693186408327088,-0.24963718841592217,-1.4022292015027575,-0.2984199603723502
Time:,3.37,x:   ,-3.705019697271793,-0.2539012493175842,-1.328339262307182,-0.2829029207168864
Time:,3.38,x:   ,-3.7162105369953293,-0.2579859992758487,-1.2535445287162852,-0.2671805445850095
Time:,3.39,x:   ,-3.726748846393353,-0.2618914656440191,-1.1779278746816593,-0.25127066821853505
Time:,3.4,x:   ,-3.7366254045351996,-0.2656175121073706,-1.1015712216245244,-0.23519113021979046
Time:,3.41,x:   ,-3.7458318453985426,-0.26916388046098805,-1.024555473289098,-0.21895973104602146
Time:,3.42,x:   ,-3.754360650823636,-0.27253023181215885,-0.9469604662610749,-0.20259419511860385
Time:,3.43,x:   ,-3.762205142113498,-0.2757161860486981,-0.8688649354369037,-0.18611213612522975
Time:,3.44,x:   ,-3.7693594706758833,-0.27872135858883906,-0.7903464936009594,-0.16953102599022518
Time:,3.45,x:   ,-3.7758186080664258,-0.2815453936123396,-0.7114816241563952,-0.15286816787758656
Time:,3.46,x:   ,-3.7815783357514143,-0.2841879931602187,-0.632345685961354,-0.13614067347693115
Time:,3.47,x:   ,-3.7866352348647396,-0.2866489416765287,-0.5530129291450273,-0.11936544470787379
Time:,3.48,x:   ,-3.790986676187966,-0.2889281257448615,-0.47355652071713106,-0.1025591598665691
Time:,3.49,x:   ,-3.794630810536374,-0.2910255489407214,-0.3940485787389418,-0.08573826413210711
Time:,3.5,x:   ,-3.797566559688289,-0.29294134187507737,-0.31456021379315213,-0.06891896425244738
Time:,3.5100000000000002,x:   ,-3.7997936079508996,-0.29467576764173614,-0.2351615764724202,-0.052117227141491605
Time:,3.52,x:   ,-3.801312394413767,-0.29622922299988635,-0.15592190960156277,-0.03534878204207897
Time:,3.5300000000000002,x:   ,-3.8021241059019166,-0.29760223572215877,-0.07690960391478668,-0.018629125845044437
Time:,3.54,x:   ,-3.802230670604175,-0.2987954586174579,0.0018077440738242644,-0.001973531102467268
Time:,3.5500000000000003,x:   ,-3.801634752319567,-0.2998096607968151,0.08016327324212742,0.01460294376606406
Time:,3.56,x:   ,-3.80033974523529,-0.30064571679023766,0.1580907992748345,0.031085442602174274
Time:,3.5700000000000003,x:   ,-3.7983497691241888,-0.3013045941440111,0.2355247574797797,0.04745929851527705
Time:,3.58,x:   ,-3.795669664827726,-0.3017873401324501,0.31240014811418915,0.06371002031346266
Time:,3.59,x:   ,-3.792304989872336,-0.3020950682071308,0.3886524852734907,0.079823278898316
Time:,3.6,x:   ,-3.7882620140526435,-0.30222894478177587,0.46421775033310986,0.09578489414693207
Time:,3.61,x:   ,-3.7835477148043473,-0.3021901769137593,0.5390323508660592,0.11158082277949227
Time:,3.62,x:   ,-3.778169772182684,-0.30198000139523945,0.6130330858863239,0.12719714767826854
Time:,3.63,x:   ,-3.7721365632591954,-0.30159967570971974,0.6861571181904359,0.1426200690847709
Time:,3.64,x:   ,-3.765457155750143,-0.3010504712447887,0.7583419544875581,0.15783589805683554
Time:,3.65,x:   ,-3.758141300694274,-0.30033366908025905,0.8295254339222072,0.17283105251760786
Time:,3.66,x:   ,-3.750199424005848,-0.29945055859414177,0.8996457255038223,0.18759205617439106
Time:,3.67,x:   ,-3.741642616740846,-0.29840243904806396,0.9686413348641337,0.20210554052794646
Time:,3.68,x:   ,-3.732482623930038,-0.29719062423000625,1.0364511206672111,0.21635825013275858
Time:,3.69,x:   ,-3.7227318318521014,-0.2958164501467406,1.1030143208986873,0.23033705120668888
Time:,3.7,x:   ,-3.712403253643056,-0.2942812856722771,1.1682705891605953,0.24402894362504243
Time:,3.71,x:   ,-3.7015105131646457,-0.292586545973179,1.232160040997213,0.2574210762700507
Time:,3.72,x:   ,-3.690067827083823,-0.29073370844812046,1.294623310176031,0.2705007656428852
Time:,3.73,x:   ,-3.6780899851474937,-0.2887243308389478,1.35560161474726,0.28325551758234424
Time:,3.74,x:   ,-3.6655923286708507,-0.2865600710952988,1.4150368326060476,0.29567305187315884
Time:,3.75,x:   ,-3.6525907272931484,-0.2842427085061974,1.4728715861846573,0.30774132946835636
Time:,3.7600000000000002,x:   ,-3.6391015540909053,-0.2817741655517149,1.5290493358081843,0.31944858199528514
Time:,3.77,x:   ,-3.6251416591744077,-0.2791565298775807,1.5835144811577957,0.33078334316477404
Time:,3.7800000000000002,x:   ,-3.6107283419279876,-0.2763920757573538,1.6362124702009004,0.3417344816585281
Time:,3.79,x:   ,-3.5958793220868452,-0.2734832843822066,1.6870899148687646,0.3522912350323363
Time:,3.8000000000000003,x:   ,-3.580612709872096,-0.27043286230911817,1.7360947126897526,0.3624432441430075
Time:,3.81,x:   ,-3.564946975430183,-0.26724375740575423,1.7831761735210534,0.372180587586142
Time:,3.8200000000000003,x:   ,-3.5489009178418183,-0.2639191716555671,1.8282851504641495,0.3814938156207254
Time:,3.83,x:   ,-3.5324936339782638,-0.2604625702303405,1.8713741739996992,0.39037398305581555
Time:,3.84,x:   ,-3.515744487488327,-0.25687768629964874,1.9123975883363549,0.3988126805847245
Time:,3.85,x:   ,-3.4986730781974416,-0.25316852112704746,1.9513116889355173,0.4068020640733381
Time:,3.86,x:   ,-3.4812992121902124,-0.24933933910013917,1.9880748601503182,0.41433488134145924
Time:,3.87,x:   ,-3.4636428728299746,-0.2453946574541815,2.022647711902287,0.42140449601894764
Time:,3.88,x:   ,-3.445724192943422,-0.24133923057414297,2.0549932143132406,0.42800490811119835
Time:,3.89,x:   ,-3.4275634283658807,-0.23717802889498477,2.085076829212938,0.4341307709701113
Time:,3.9,x:   ,-3.4091809330041642,-0.2329162125607582,2.112866637454878,0.43977740443573704
Time:,3.91,x:   ,-3.3905971355303586,-0.2285591001457707,2.138333460993291,0.4449408039885652
Time:,3.92,x:   ,-3.3718325177727353,-0.2241121328811627,2.1614509787037215,0.4496176458310193
Time:,3.93,x:   ,-3.3529075948207994,-0.21958083496322633,2.1821958349676738,0.4538052878970065
Time:,3.94,x:   ,-3.333842896811986,-0.21497077064120654,2.200547740088256,0.4575017668681378
Time:,3.95,x:   ,-3.3146589523193435,-0.21028749888795636,2.2164895616586935,0.4607057913522288
Time:,3.96,x:   ,-3.2953762732144525,-0.20553652654292198,2.230007406068653,0.4634167314517286
Time:,3.97,x:   ,-3.2760153408392614,-0.20072326088039488,2.2410906894042686,0.46563460501479514
Time:,3.98,x:   ,-3.256596593285886,-0.19585296259446325,2.2497321970762933,0.46736006091802557
Time:,3.99,x:   ,-3.237140413555825,-0.19093070020419023,2.2559281315964466,0.46859435977590214
Time:,4.0,x:   ,-3.2176671183503456,-0.18596130686776707,2.2596781480141557,0.46933935250669223
Time:,4.01,x:   ,-3.1981969472323466,-0.180949340553248,2.2609853766239354,0.469597457207156
Time:,4.0200000000000005,x:   ,-3.178750051897203,-0.17589904844742188,2.259856432656623,0.4693716347986754
Time:,4.03,x:   ,-3.1593464852955844,-0.17081433639573784,2.2563014127748247,0.46866536390548896
Time:,4.04,x:   ,-3.1400061903646592,-0.16569874405804674,2.250333878302918,0.46748261541215547
Time:,4.05,x:   ,-3.1207489881446824,-0.16055542634091102,2.241970825233892,0.4658278271231119
Time:,4.0600000000000005,x:   ,-3.1015945650847776,-0.15538714153145397,2.2312326411676215,0.4637058789134966
Time:,4.07,x:   ,-3.082562459373635,-0.1501962464144702,2.218143049446752,0.4611220687187808
Time:,4.08,x:   ,-3.063672046166598,-0.14498469850815512,2.2027290408657736,0.4580820896628747
Time:,4.09,x:   ,-3.044942521618962,-0.13975406540853438,2.1850207934345987,0.4545920085720388
Time:,4.1,x:   ,-3.0263928856749214,-0.13450554109240326,2.165051580778867,0.4506582460669355
Time:,4.11,x:   ,-3.0080419236013225,-0.12923996889677733,2.1428576698538158,0.44628755836926853
Time:,4.12,x:   ,-2.989908186293962,-0.12395787077247608,2.1184782087357195,0.44148702090431075
Time:,4.13,x:   ,-2.972009969420711,-0.1186594823028259,2.0919551053335375,0.43626401372770346
Time:,4.14,x:   ,-2.9543652914994105,-0.11334479288729744,2.063332897932448,0.43062620875548774
Time:,4.15,x:   ,-2.9369918710384173,-0.1080135904152502,2.032658618539678,0.4245815587314317
Time:,4.16,x:   ,-2.9199071028936285,-0.10266550969731639,1.9999816500506893,0.41813828782615803
Time:,4.17,x:   ,-2.9031280340172256,-0.0973000838812299,1.9653535782899407,0.4113048837288808
Time:,4.18,x:   ,-2.8866713387901597,-0.09191679805454438,1.928828040004784,0.4040900910650578
Time:,4.19,x:   ,-2.87055329414252,-0.0865151442277343,1.8904605679034152,0.396502905952052
Time:,4.2,x:   ,-2.854789754673426,-0.08109467689639774,1.85030843382833,0.3885525714898885
Time:,4.21,x:   ,-2.839396127985149,-0.07565506839922484,1.8084304911455487,0.3802485739751664
Time:,4.22,x:   ,-2.824387350445111,-0.07019616331749913,1.764887017407465,0.3716006396227714
Time:,4.23,x:   ,-2.809777863584454,-0.06471803120055747,1.7197395583140374,0.3626187315818109
Time:,4.24,x:   ,-2.795581591333489,-0.059221016948272434,1.6730507739538572,0.35331304703865263
Time:,4.25,x:   ,-2.7818119182828194,-0.05370578823474475,1.6248842882542471,0.3436940142105798
Time:,4.26,x:   ,-2.768481669144711,-0.04817337941562866,1.5753045425088075,0.3337722890478436
Time:,4.2700000000000005,x:   ,-2.755603089572778,-0.042625231423622144,1.5243766537827679,0.32355875147927393
Time:,4.28,x:   ,-2.743187828479576,-0.037063227221550116,1.4721662789221837,0.3130645010566139
Time:,4.29,x:   ,-2.7312469219717483,-0.03148972244919947,1.4187394848134816,0.302300851874861
Time:,4.3,x:   ,-2.7197907790011757,-0.025907570967816807,1.3641626254563017,0.29127932666969636
Time:,4.3100000000000005,x:   ,-2.708829168808637,-0.020320145074225887,1.308502226326091,0.28001165001809125
Time:,4.32,x:   ,-2.698371210214056,-0.014731350224229398,1.2518248764145998,0.26850974059397187
Time:,4.33,x:   ,-2.6884253627848707,-0.009145634171730371,1.1941971282474597,0.2567857024569597
Time:,4.34,x:   ,-2.6789994198917824,-0.0035679904952752896,1.1356854060893473,0.24485181537823777
Time:,4.3500000000000005,x:   ,-2.670100503639382,0.0019960434530889117,1.0763559224599624,0.2327205242330812
Time:,4.36,x:   ,-2.6617350616383875,0.007540394081221296,1.0162746029990097,0.2204044275140529
Time:,4.37,x:   ,-2.653908865566601,0.013058464419873616,0.9555070196364683,0.20791626504183103
Time:,4.38,x:   ,-2.6466270114477357,0.01854315210920978,0.8941183319464233,0.19526890497162194
Time:,4.39,x:   ,-2.639893921561087,0.023986872253983268,0.8321732364892653,0.18247533021162982
Time:,4.4,x:   ,-2.633713347881057,0.029381584848837766,0.7697359238787146,0.16954862438564208
Time:,4.41,x:   ,-2.628088376933938,0.03471882643730087,0.7068700432473808,0.15650195748401316
Time:,4.42,x:   ,-2.6230214359503665,0.03998974563644444,0.6436386737277444,0.1433485713558055
Time:,4.43,x:   ,-2.618514300185671,0.04518514213432761,0.5801043025148687,0.13010176519925792
Time:,4.44,x:   ,-2.6145681012769497,0.05029550874952971,0.5163288090329274,0.11677488120787961
Time:,4.45,x:   ,-2.6111833365052557,0.05531107613148058,0.4523734546898772,0.10338129052518229
Time:,4.46,x:   ,-2.608359878833686,0.06022185967688228,0.3882988776732909,0.08993437965235847
Time:,4.47,x:   ,-2.6060969875972875,0.06501770824107904,0.32416509221541445,0.07644753744021093
Time:,4.48,x:   ,-2.604393319728399,0.06968835423336134,0.26003149173676354,0.06293414277957748
Time:,4.49,x:   ,-2.603246941411054,0.0742234647012847,0.19595685526484322,0.04940755308374537
Time:,4.5,x:   ,-2.6026553400700543,0.07861269303036297,0.13199935651758582,0.0358810936324042
Time:,4.51,x:   ,-2.6026154366138976,0.08284573091102779,0.06821657503959817,0.0223680478201279
Time:,4.5200000000000005,x:   ,-2.6031235978655203,0.08691236025347221,0.0046655087829663554,0.00888164832389557
Time:,4.53,x:   ,-2.60417564913029,0.09080250476177607,-0.05859741246711969,-0.004564930825498733
Time:,4.54,x:   ,-2.605766886866424,0.09450628091035759,-0.12151631340861903,-0.017958581313335012
Time:,4.55,x:   ,-2.6078920914384756,0.0980140480971208,-0.1840358598502177,-0.03128626682693781
Time:,4.5600000000000005,x:   ,-2.6105455399493014,0.10131645777752743,-0.24610124619853682,-0.04453502866083888
Time:,4.57,x:   ,-2.613721019159504,0.10440450141114621,-0.3076581843285405,-0.05769199077049933
Time:,4.58,x:   ,-2.6174118385152823,0.10726955707607302,-0.3686528943326812,-0.07074436442738008
Time:,4.59,x:   ,-2.6216108433156347,0.1099034346261691,-0.4290320976132697,-0.08367945264802847
Time:,4.6000000000000005,x:   ,-2.6263104280574447,0.11229841928070135,-0.4887430127487511,-0.09648465458555606
Time:,4.61,x:   ,-2.631502550002065,0.11444731354525005,-0.5477333545282841,-0.10914747008287173
Time:,4.62,x:   ,-2.6371787430092253,0.11634347736644209,-0.6059513365104863,-0.12165550459286384
Time:,4.63,x:   ,-2.6433301316834172,0.11798086642115435,-0.6633456774217025,-0.13399647467106288
Time:,4.64,x:   ,-2.6499474458742345,0.11935406843351268,-0.7198656116669045,-0.14615821424094874
Time:,4.65,x:   ,-2.6570210355655917,0.12045833740070092,-0.7754609041826103,-0.1581286818209106
Time:,4.66,x:   ,-2.6645408861793123,0.121289625591921,-0.8300818698162596,-0.16989596888497213
Time:,4.67,x:   ,-2.672496634306639,0.1218446131646392,-0.8836793973705842,-0.18144830950695492
Time:,4.68,x:   ,-2.6808775838669567,0.12212073521952874,-0.9362049784049112,-0.1927740914100976
Time:,4.69,x:   ,-2.689672722676884,0.1221162060914653,-0.9876107408383388,-0.20386186851177338
Time:,4.7,x:   ,-2.698870739395354,0.1218300406498723,-1.0378494873525803,-0.21470037501647393
Time:,4.71,x:   ,-2.70846004079194,0.12126207235909632,-1.086874738545274,-0.22527854107043868
Time:,4.72,x:   ,-2.7184287692670135,0.12041296782983402,-1.1346407807379841,-0.2355855099491146
Time:,4.73,x:   ,-2.728764820534179,0.11928423757748341,-1.1811027182972604,-0.24561065670506854
Time:,4.74,x:   ,-2.7394558613583566,0.11787824269418991,-1.2262165302822121,-0.2553436081601802
Time:,4.75,x:   ,-2.7504893472276692,0.11619819713975534,-1.2699391311884138,-0.2647742640831437
Time:,4.76,x:   ,-2.761852539824656,0.11424816536379778,-1.3122284355157987,-0.27389281935275644
Time:,4.7700000000000005,x:   ,-2.77353252415287,0.11203305498870553,-1.3530434258477757,-0.2826897868704526
Time:,4.78,x:   ,-2.7855162251692756,0.10955860431086728,-1.3923442240904207,-0.2911560209532831
Time:,4.79,x:   ,-2.7977904237715174,0.10683136441688713,-1.4300921654843841,-0.2992827409122045
Time:,4.8,x:   ,-2.810341771992418,0.10385867576213635,-1.46624987496848,-0.3070615545011368
Time:,4.8100000000000005,x:   ,-2.823156807262302,0.10064863912072554,-1.5007813454429335,-0.3144844809106281
Time:,4.82,x:   ,-2.8362219656128165,0.09721008088802661,-1.5336520174522281,-0.3215439729767325
Time:,4.83,x:   ,-2.8495235937138554,0.09355251279796001,-1.5648288597827145,-0.3282329382812036
Time:,4.84,x:   ,-2.8630479596575658,0.08968608620566793,-1.594280450448785,-0.33454475883340545
Time:,4.8500000000000005,x:   ,-2.876781262429728,0.08562154117974706,-1.6219770575238273,-0.34047330904715434
Time:,4.86,x:   ,-2.890709640038361,0.08137015074438918,-1.6478907192585703,-0.34601297175648377
Time:,4.87,x:   ,-2.9048191763013684,0.07694366070775206,-1.6719953229200903,-0.351158652052171
Time:,4.88,x:   ,-2.91909590632842,0.07235422560565972,-1.6942666817799032,-0.35590578876463874
Time:,4.89,x:   ,-2.9335258207660515,0.06761434137625527,-1.7146826096794823,-0.3602503634671587
Time:,4.9,x:   ,-2.9480948689079103,0.06273677545851747,-1.7332229926063698,-0.3641889069245804
Time:,4.91,x:   ,-2.962788960803306,0.05773449507283076,-1.7498698567239779,-0.36771850296540326
Time:,4.92,x:   ,-2.9775939685254875,0.052620594492627716,-1.764607432313294,-0.3708367898072193
Time:,4.93,x:   ,-2.9924957267854846,0.0474082221505124,-1.7774222131050486,-0.37354195891565456
Time:,4.94,x:   ,-3.007480033097173,0.04211050843877967,-1.788303010506451,-0.375832751523408
Time:,4.95,x:   ,-3.0225326477136423,0.036740495062031975,-1.7972410022572305,-0.37770845297738265
Time:,4.96,x:   ,-3.0376392935636827,0.03131106677847161,-1.8042297750852205,-0.3791688851170727
Time:,4.97,x:   ,-3.0527856564198994,0.025834886326880743,-1.809265360971893,-0.3802143969153872
Time:,4.98,x:   ,-3.067957385526603,0.020324333279375092,-1.8123462666826282,-0.3808458536333544
Time:,4.99,x:   ,-3.083140094906435,0.01479144748738899,-1.8134734962647705,-0.3810646247523374
