Grav Comp,0.0,dT,0.01,Substep Number,1
Time,State History
Time:,0.0,x:   ,2.6179938779914944,0.0,0.0,0.0,0.0,0.0,-1.5411837692321253,0.0,-1.5411837692321253
Time:,0.01,x:   ,2.6187490908797524,-0.0010480660357011483,0.00046704484163191825,0.10336157983009833,-0.007844529001715709,0.0018709039089722579,-1.5411794818578537,0.005374326550834579,-1.5465538084086883
Time:,0.02,x:   ,2.621011836545269,-0.004183489544772744,0.0018561905322695142,0.2065755077570729,-0.015468218895997842,0.0036426394471494837,-1.5411409926643984,0.02146298751152446,-1.5626039801759228
Time:,0.03,x:   ,2.624770460095472,-0.009370824817234346,0.004118847716562726,0.30934736571825117,-0.02242301545637649,0.005111196748893254,-1.541034813300728,0.04811235431559211,-1.58914716761632
Time:,0.04,x:   ,2.630001525207703,-0.016538658185963333,0.007157075214598445,0.4113844037686396,-0.028261606599478364,0.0060737362859721155,-1.5408292789407603,0.08503636817206717,-1.6258656471128274
Time:,0.05,x:   ,2.6366697410318802,-0.02557936322689259,0.01082374690941567,0.5123975209033866,-0.03254141998095405,0.006333243802004661,-1.5404956556342762,0.1318251367096845,-1.6723207923439607
Time:,0.06,x:   ,2.644727979340956,-0.03634921389976899,0.014923698344390762,0.6121033136340368,-0.03482955284049266,0.005704592985891023,-1.540009146734921,0.18795805334698568,-1.7279672000819066
Time:,0.07,x:   ,2.654117459455857,-0.04866914124372086,0.019216331183036593,0.7102261806755811,-0.034708829848837976,0.004022225795920159,-1.5393497264383424,0.25282105444342606,-1.7921707808817686
Time:,0.08,x:   ,2.6647681838398367,-0.06232643857812793,0.023420163194001583,0.8065004403809952,-0.03178500816994555,0.0011493177392157146,-1.538502719603411,0.32572728400518425,-1.8642300036085953
Time:,0.09,x:   ,2.6765996941820487,-0.07707767231636987,0.02721969703020576,0.900672386897199,-0.02569493952913824,-0.0030120989226890163,-1.5374590517546263,0.4059400255882119,-1.9433990773428382
Time:,0.1,x:   ,2.6895221851864504,-0.09265293727024058,0.030274743798410133,0.9925021897869007,-0.016115288833188614,-0.00851094635671657,-1.5362151170715994,0.49269636773692854,-2.028911484808528
Time:,0.11,x:   ,2.703437965237883,-0.10876142222428453,0.03223201448178884,1.0817655377419784,-0.0027712394607681476,-0.015337973897085796,-1.5347722552130039,0.5852298059288041,-2.120002061141808
Time:,0.12,x:   ,2.7182431994100047,-0.12509805914930558,0.03273845618069749,1.1682549445109418,0.014555471569318128,-0.02341883464648118,-1.5331358825087749,0.6827899594715341,-2.215925841980309
Time:,0.13,x:   ,2.7338298243958117,-0.14135086561667434,0.031455550481998384,1.2517806734462127,0.036019821899684556,-0.032610268101652976,-1.5313143758504464,0.7846578557844003,-2.315972231634847
Time:,0.14,x:   ,2.7500874997563685,-0.15720849927713643,0.028073683001631183,1.3321712891982729,0.06170857376199665,-0.0426998418238803,-1.529317843735544,0.8901557841658564,-2.4194736279014
Time:,0.15,x:   ,2.766905462770852,-0.17236754954763325,0.022325765226644704,1.409273899245464,0.09163742605764796,-0.053409168933003334,-1.527156928494604,0.9986514401375497,-2.5258083686321537
Time:,0.16,x:   ,2.7841741840532084,-0.18653918841460787,0.013999511191904564,1.4829541906252832,0.12575028113225412,-0.06440004896923363,-1.52484176586934,1.1095568155025848,-2.634398581371925
Time:,0.17,x:   ,2.8017867690265765,-0.19945495578845696,0.0029480628283098387,1.553096387060416,0.16392043778093518,-0.07528270395489765,-1.5223811906536557,1.2223228914685857,-2.7447040821222415
Time:,0.18,x:   ,2.8196401031353147,-0.2108716180643563,-0.010901078124879239,1.619603242666121,0.20595337148527648,-0.08562525318598248,-1.519782232317604,1.3364315694319653,-2.8562138017495693
Time:,0.19,x:   ,2.8376357835219013,-0.22057516797538243,-0.027538697843834073,1.6823961515147183,0.25159070024884156,-0.09496376055384988,-1.5170499035594869,1.4513864034508832,-2.96843630701037
Time:,0.2,x:   ,2.855680907757456,-0.22838410181624297,-0.04686797780692278,1.741415395052165,0.3005149498753804,-0.1028125081508875,-1.5141872538188945,1.5667036125277831,-3.0808908663466776
Time:,0.21,x:   ,2.873688797030448,-0.23415210928083308,-0.06870008000525718,1.7966204842437932,0.35235479736115083,-0.1086744879860278,-1.511195639629702,1.6819046059834224,-3.1931002456131243
Time:,0.22,x:   ,2.8915797174625424,-0.23777025262840254,-0.09275146193335079,1.847990495641593,0.406690550390126,-0.11205235923152589,-1.508075151412129,1.7965109034838171,-3.304586054895946
Time:,0.23,x:   ,2.9092816330300217,-0.2391686208715712,-0.11864342079039712,1.8955242655918663,0.46305968662358216,-0.11246022364408687,-1.5048251284636496,1.910041908362796,-3.4148670368264455
Time:,0.24,x:   ,2.9267309839302573,-0.23831735517984823,-0.14590452717820662,1.9392403063483041,0.5209623171092287,-0.10943650303410164,-1.5014446890454471,2.022015524905007,-3.5234602139504543
Time:,0.25,x:   ,2.9438734445280565,-0.2352268898206546,-0.17397658795375648,1.9791763459752767,0.5798664638177646,-0.10255798607879095,-1.49793320196676,2.1319511324185525,-3.6298843343853124
Time:,0.26,x:   ,2.9606645858146075,-0.22994726707477156,-0.2022245206387603,2.0153884629435255,0.6392130813694695,-0.09145482189818714,-1.4942906330113943,2.2393740022040736,-3.733664635215468
Time:,0.27,x:   ,2.977070357765448,-0.2225664729714105,-0.2299500488368432,2.047949865801695,0.698420844311785,-0.07582598213033004,-1.4905177158755887,2.3438199540861975,-3.834337669961786
Time:,0.28,x:   ,2.993067321143516,-0.21320788210632047,-0.2564085536281877,2.07694942984654,0.7568908886754723,-0.05545459755978355,-1.486615921031301,2.444838981945166,-3.931454902976467
Time:,0.29,x:   ,3.008642592169837,-0.20202704466949897,-0.28082792248776084,2.1024901208730977,0.8140119326779179,-0.03022265677847533,-1.4825872206716908,2.5419967719468812,-4.024583992618572
Time:,0.3,x:   ,3.0237935053066507,-0.18920813593043073,-0.3024280066990828,2.1246874011807995,0.8691664580174875,-0.0001248050549862989,-1.4784336657404227,2.634873450027693,-4.113307115768116
Time:,0.31,x:   ,3.0385270340473025,-0.17496037149443291,-0.3204394292957266,2.1436676382540143,0.9217388309946591,0.03471871003650669,-1.4741567979200543,2.7230594023437718,-4.197216200263826
Time:,0.32,x:   ,3.0528590253118426,-0.15951456099566177,-0.3341209487998635,2.15956645397861,0.9711262974879865,0.07404968292207348,-1.4697569193050581,2.806148455181667,-4.275905374486725
Time:,0.33,x:   ,3.0668132964618398,-0.1431197591785103,-0.34277524397220066,2.172526898681635,1.0167536362564857,0.11745991543791401,-1.4652322473330308,2.8837289570353555,-4.348961204368386
Time:,0.34,x:   ,3.080420620682195,-0.1260397315055931,-0.34576367417158843,2.1826973343552205,1.0580918785609443,0.16437948188222293,-1.4605780081883588,2.955373345470941,-4.4159513536593
Time:,0.35000000000000003,x:   ,3.093717597233925,-0.1085487365024605,-0.3425211664478028,2.19022896633021,1.094680914041228,0.2140657358766128,-1.4557855817060221,3.0206266838972167,-4.476412265603239
Time:,0.36,x:   ,3.1067453781877976,-0.09092597634793254,-0.33257284008943816,2.1952730484045517,1.1261550428186713,0.26559411349025785,-1.4508419102411318,3.0789945853190064,-4.529836495560138
Time:,0.37,x:   ,3.1195482087488196,-0.07344799854025111,-0.31555430871671575,2.197977861494632,1.152269645355374,0.3178525202345326,-1.4457295160297927,3.1299311199236795,-4.575660635953472
Time:,0.38,x:   ,3.1321717354049436,-0.056378358419678365,-0.29123777596875855,2.198485586026079,1.1729261494732302,0.369542014619786,-1.44042761077253,3.17282796232589,-4.61325557309842
Time:,0.39,x:   ,3.1446610444457437,-0.03995401445877012,-0.2595658916753761,2.1969291262740462,1.188191373244602,0.41918779018236213,-1.434914872070884,3.207007364381054,-4.641922236451938
Time:,0.4,x:   ,3.1570584169086486,-0.024368329651395192,-0.22069440837930382,2.1934288123290884,1.1983061179376397,0.4651662617188357,-1.4291743997936095,3.231723579041824,-4.660897978835433
Time:,0.41000000000000003,x:   ,3.1694008399506437,-0.009751386653773498,-0.17504217259562715,2.188088770769049,1.2036767514318176,0.505756164032501,-1.4232009839875377,3.246179744079966,-4.6693807280675035
Time:,0.42,x:   ,3.1817174265408377,0.003850177551062168,-0.12334197900399241,2.1809927444566424,1.2048431397890387,0.539222773562123,-1.4170099194383154,3.249568771198627,-4.666578690636943
Time:,0.43,x:   ,3.1940270873301286,0.01648942682679088,-0.06667819332682148,2.172199397653617,1.2024182068582656,0.5639418701451062,-1.41064514741965,3.241145100126872,-4.651790247546522
Time:,0.44,x:   ,3.2063370375566063,0.02832489560132955,-0.006489330048907158,2.161737714921821,1.1970008027767403,0.5785599727773937,-1.4041829825940875,3.2203262560318775,-4.624509238625965
Time:,0.45,x:   ,3.218642857856577,0.03960893457373833,0.05548744174669259,2.149603794382604,1.1890752607480994,0.5821681376714272,-1.3977274198390828,3.1868080945335335,-4.584535514372616
Time:,0.46,x:   ,3.2309306171533505,0.05065542347625568,0.11733958723161873,2.1357606556805444,1.1789239117219577,0.5744450830072145,-1.3913955604569233,3.1406611606869785,-4.532056721143902
Time:,0.47000000000000003,x:   ,3.2431808919612557,0.06179164362948878,0.17715205567884873,2.1201421259894437,1.166582925692098,0.5557186887427049,-1.3852968095895117,3.0823708089646424,-4.467667618554154
Time:,0.48,x:   ,3.255373674707997,0.07330716077300217,0.23318441548515728,2.1026604697852007,1.151858836012289,0.5269175182888779,-1.3795137625023606,3.0128009501883084,-4.392314712690669
Time:,0.49,x:   ,3.2674927593247416,0.08541444926573481,0.28400266600516283,2.083215982163489,1.1343979357828031,0.4894276506457282,-1.3740921194247027,2.9330934651331355,-4.307185584557838
Time:,0.5,x:   ,3.279528549201505,0.09822988832229737,0.3285393396812303,2.061706213272669,1.1137806295892811,0.44490492940752147,-1.3690417395914705,2.8445400984532676,-4.213581838044738
Time:,0.51,x:   ,3.2914790286325224,0.11177458487054806,0.36608756253037095,2.038033069582631,1.0896102864843087,0.395096647022431,-1.3643455340039896,2.7484653648065933,-4.112810898810583
Time:,0.52,x:   ,3.303349290655468,0.1259884157400558,0.39625405444013506,2.0121071773875854,1.0615777851670958,0.34170555862813545,-1.359970931456524,2.6461426880261394,-4.006113619482663
Time:,0.53,x:   ,3.3151502433672317,0.14074966094454414,0.41889731946129655,1.9838498650029222,1.0294970814958204,0.2863038359429393,-1.3558799137386783,2.538747207078083,-3.8946271208167613
Time:,0.54,x:   ,3.3268970261607897,0.15589466381786238,0.43406857798730863,1.9531935740466215,0.9933160668331984,0.230288985933821,-1.3520358897926004,2.427337481684209,-3.7793733714768094
Time:,0.55,x:   ,3.338607471015742,0.17123458284074244,0.4419634223044901,1.9200815029871539,0.9531100100741806,0.17486904743828163,-1.3484073805375916,2.312855426584492,-3.6612628071220836
Time:,0.56,x:   ,3.350300773681012,0.18656822400003084,0.4428858353949087,1.8844670363805998,0.9090644782472644,0.12106579517768083,-1.3449692717150121,2.196135581789028,-3.54110485350404
Time:,0.5700000000000001,x:   ,3.3619964283782777,0.20169100280197627,0.437223217593562,1.8463132148559414,0.8614530977796525,0.06972786416091674,-1.3417025420387683,2.077917951033142,-3.41962049307191
Time:,0.58,x:   ,3.373713414423115,0.21640055667539881,0.42543015708393694,1.8055922652062224,0.8106139866976977,0.02154851231269228,-1.3385932306790433,1.9588614009926815,-3.297454631671725
Time:,0.59,x:   ,3.3854695843566827,0.23049970008828222,0.40801869720282413,1.7622850777284085,0.7569274769634255,-0.022915365308172987,-1.335631184573338,1.8395565072668234,-3.1751876918401614
Time:,0.6,x:   ,3.3972811790002244,0.24379746580351944,0.3855531054743914,1.7163804871330044,0.7007968375147772,-0.06322520559445355,-1.332808916341606,1.7205378053520517,-3.0533467216936576
Time:,0.61,x:   ,3.4091623818230135,0.2561089876844845,0.3586473331713546,1.6678742609136394,0.6426330112516673,-0.09904524038650633,-1.330120736006917,1.6022958485059127,-2.9324165845128296
Time:,0.62,x:   ,3.4211248248873236,0.26725497337461285,0.3279634036869182,1.6167677946894123,0.5828438172236546,-0.13013040837488124,-1.3275621954039494,1.48528947020226,-2.8128516656062095
Time:,0.63,x:   ,3.433176975126329,0.27706147523387126,0.29420895059131,1.5630666266205042,0.521827592021872,-0.15631812628983452,-1.3251297969571312,1.3699583358284564,-2.6950881327855876
Time:,0.64,x:   ,3.44532336547715,0.28536056518513414,0.25813218443675123,1.5067789824627549,0.4599708219169541,-0.1775237340282379,-1.3228208638428596,1.256735367574891,-2.5795562314177505
Time:,0.65,x:   ,3.457563688627873,0.29199232424780297,0.2205128683656182,1.447914620216084,0.39764894394168754,-0.19373880817752087,-1.32063344604735,1.1460580779237362,-2.466691523971086
Time:,0.66,x:   ,3.46989183241884,0.296808263211797,0.18214854762851176,1.3864842335376224,0.3352291981586642,-0.2050310028628533,-1.3185661484305644,1.0383774286407284,-2.3569435770712928
Time:,0.67,x:   ,3.48229498752787,0.29967593370472445,0.14383629344315818,1.3224995832024449,0.27307425697554666,-0.2115437894451147,-1.3166178112680904,0.9341627361230933,-2.2507805473911837
Time:,0.68,x:   ,3.4947529785058915,0.30048415584401644,0.10635137696642302,1.2559743670465113,0.2115454110351833,-0.2134945755112031,-1.3147870401081558,0.833901502690319,-2.148688542798475
Time:,0.6900000000000001,x:   ,3.507237943445031,0.29914809200899145,0.0704252136983444,1.1869256528865508,0.1510043838108558,-0.21117022465436774,-1.3130716487633203,0.7380938465954187,-2.051165495358739
Time:,0.7000000000000001,x:   ,3.519714417522143,0.29561341883878367,0.03672524168717401,1.1153755490672967,0.09181332129401013,-0.2049198298173083,-1.3114681223392777,0.6472422190382827,-1.9587103413775604
Time:,0.71,x:   ,3.532139783244424,0.28985909198710236,0.005838957751556566,1.041352731074876,0.034333017314512035,-0.19514542667044554,-1.3099712116534687,0.5618380020727061,-1.8718092137261748
Time:,0.72,x:   ,3.5444649679364444,0.2818985692742554,-0.021736705233618238,0.9648935020043725,-0.021080176011128632,-0.1822918684938879,-1.3085737398595954,0.48234708467495757,-1.790920824534553
Time:,0.73,x:   ,3.5566352237341547,0.27177972064669553,-0.045600720497094606,0.8860422143704076,-0.07407814495249604,-0.1668371558281481,-1.3072666553450856,0.4091965068854221,-1.7164631622305078
Time:,0.74,x:   ,3.568590826402697,0.2595838940629954,-0.0654491118363624,0.8048510641361896,-0.12432498338182504,-0.14928415823991734,-1.3060393233955487,0.3427638484177242,-1.648803171813273
Time:,0.75,x:   ,3.5802675680749885,0.245424678980293,-0.08107352870157977,0.7213794272336089,-0.17150081988536592,-0.13015406268620702,-1.3048800249203154,0.2833704446454838,-1.588250469565799
Time:,0.76,x:   ,3.591596978002988,0.22944683297576207,-0.09235891674768301,0.6356930094448653,-0.2153054432889177,-0.10998124610414275,-1.303776623088745,0.23127895533076348,-1.5350555784195086
Time:,0.77,x:   ,3.6025062685342357,0.21182566436928016,-0.09928159771025484,0.5478631159031992,-0.25546187126518505,-0.08930875650851779,-1.3027173586798797,0.18669540771328502,-1.4894127663931647
Time:,0.78,x:   ,3.6129180616319645,0.19276694554802606,-0.10190849868901018,0.457966329255065,-0.29172011867780673,-0.06868327628739189,-1.3016917307791989,0.1497755894071612,-1.4514673201863602
Time:,0.79,x:   ,3.622750001784068,0.17250720185569413,-0.10039760782264451,0.3660848336126077,-0.3238614377637561,-0.04864836127502288,-1.300691402538117,0.12063549966316153,-1.4213269022012787
Time:,0.8,x:   ,3.6319144041283127,0.15131399927187397,-0.09499906736605634,0.2723075480407279,-0.3517032347571415,-0.029734914149160727,-1.2997110392191402,0.09936536558902413,-1.3990764048081643
Time:,0.81,x:   ,3.6403181198915706,0.12948566101302716,-0.08605571337559893,0.17673214335834309,-0.3751047340677471,-0.012448281014180346,-1.2987489426844274,0.0860463858581386,-1.384795328542566
Time:,0.8200000000000001,x:   ,3.64786281695391,0.10734971463645003,-0.0740014224127256,0.07946790789726044,-0.3939732773899527,0.002747934265895818,-1.2978073073845284,0.08076882141283888,-1.3785761287973672
Time:,0.8300000000000001,x:   ,3.6544458577016865,0.08525936433112823,-0.05935546444318715,-0.01936070056216377,-0.40827093053401936,0.015450311728995738,-1.296891911521803,0.08364935078894749,-1.3805412623107505
Time:,0.84,x:   ,3.6599618943627292,0.06358746166517762,-0.04271134553595568,-0.1196101221891477,-0.41802085837298225,0.025334297932947794,-1.2960111003697772,0.09484492300837154,-1.3908560233781486
Time:,0.85,x:   ,3.6643051879343553,0.042717844228122887,-0.0247194523397388,-0.22111382203451024,-0.4233127720994837,0.03217037890424999,-1.2951740327204992,0.11455997929805076,-1.40973401201855
Time:,0.86,x:   ,3.6673725061298073,0.023034476169312163,-0.006064101252564194,-0.3236790028382575,-0.4243067222054039,0.03583488599254773,-1.2943883328546422,0.1430442152205807,-1.4374325480752228
Time:,0.87,x:   ,3.669066310019355,0.0049094025154239294,0.012562986608888209,-0.42708442066992025,-0.4212346629878102,0.03631335004836766,-1.2936574679838104,0.18057920153657536,-1.4742366695203857
Time:,0.88,x:   ,3.6692978537109466,-0.01130909976571632,0.030489734133829827,-0.5310796876268413,-0.41439955488986674,0.03369588387804743,-1.2929782815036657,0.22745401914653293,-1.5204323006501985
Time:,0.89,x:   ,3.6679898380707607,-0.02530680416238404,0.04708804585650214,-0.6353862073040111,-0.40417222208721265,0.028165940045018958,-1.2923391005193596,0.2839320688588552,-1.5762711693782148
Time:,0.9,x:   ,3.6650783791431034,-0.0368113021786808,0.06179298503876749,-0.7396996121266756,-0.3909865984902848,0.0199852724966739,-1.2917187032294262,0.3502127237480619,-1.641931426977488
Time:,0.91,x:   ,3.660514231123223,-0.0455969823944917,0.07411579482413784,-0.8436933467738527,-0.37533422432107083,0.009478502773089901,-1.2910862388198234,0.42639204267599184,-1.7174782814958154
Time:,0.92,x:   ,3.654263378262796,-0.05148762699925936,0.083651336957854,-0.9470229359700839,-0.3577588148771241,-0.0029797435575201255,-1.2904020229547961,0.5124263448736753,-1.8028283678284716
Time:,0.93,x:   ,3.646307228354438,-0.05435750718361496,0.09008170049211504,-1.049330501948276,-0.3388514322110363,-0.016973306604889847,-1.289619043796463,0.6081014442837974,-1.8977204880802603
Time:,0.9400000000000001,x:   ,3.636642682602879,-0.054132041281977315,0.0931782753002941,-1.1502492206860444,-0.3192463442562602,-0.03204814216667451,-1.2886850157186422,0.7130092907130872,-2.0016943064317294
Time:,0.9500000000000001,x:   ,3.6252823311443407,-0.0507889935082214,0.09280450959293278,-1.2494075672785439,-0.29961716846196673,-0.047712031080094086,-1.2875448791363333,0.8265330773599218,-2.114077956496255
Time:,0.96,x:   ,3.612254950266122,-0.044360911048379845,0.08892102851655216,-1.346433345605334,-0.28067245782164224,-0.06343229348464319,-1.2861437170016363,0.9478417192971681,-2.2339854362988043
Time:,0.97,x:   ,3.59760637300967,-0.034939087154244326,0.08159392605258106,-1.4409575916609598,-0.2631495537377751,-0.07863428092342083,-1.284430095177996,1.0758949093670436,-2.3603250045450395
Time:,0.98,x:   ,3.5814006768159308,-0.02267882750736424,0.07100592786399054,-1.532618469595498,-0.2478053492595843,-0.09270401365763252,-1.2823597984279322,1.209460449307573,-2.491820247735505
Time:,0.99,x:   ,3.5637214838182834,-0.007805200868287768,0.057468795007896895,-1.6210652458096593,-0.23540264263935998,-0.104998572016743,-1.2798998035243319,1.3471458177295403,-2.627045621253872
