Grav Comp,0.0,dT,0.01,Substep Number,10
Time,State History
Time:,0.0,x:   ,0.2617993877991494,0.0,0.0,0.0,0.0,0.0,-41.48102658991191,0.0,-41.48102658991191
Time:,0.01,x:   ,0.261405733742875,0.0005473772710697171,-0.0002312348065010038,-0.06075834529561081,-0.0183608976856535,-0.002492413941564612,-41.48102529085134,0.0014443755416278395,-41.48246966639297
Time:,0.02,x:   ,0.2602264912844642,0.002184265305211058,-0.0009177634523667014,-0.12146245347009894,-0.03672985570074594,-0.004984096667145578,-41.481013641841294,0.005767110080328571,-41.48678075192162
Time:,0.03,x:   ,0.258268539034537,0.004889680002327689,-0.0020308781366968273,-0.18200422306266845,-0.05512308520987187,-0.007473629991174103,-41.48098158660138,0.012921771426946156,-41.49390335802833
Time:,0.04,x:   ,0.255545599163419,0.008621781624505142,-0.0035134932701811165,-0.24227583549757772,-0.07355598879982998,-0.009959739936992177,-41.480919779406996,0.02282224586154394,-41.50374202526854
Time:,0.05,x:   ,0.252078116330631,0.013318349367491536,-0.005281248258465365,-0.302170078050352,-0.09204244507532558,-0.01244143109755712,-41.48081997072163,0.035345940807828956,-41.51616591152946
Time:,0.06,x:   ,0.24789302869934124,0.018897673038231828,-0.007224502217606749,-0.36158067301093755,-0.11059416061476231,-0.014918108677702373,-41.480675318136676,0.050338500332851706,-41.531013818469525
Time:,0.07,x:   ,0.24302342298042956,0.025259889257970486,-0.009211251715160313,-0.42040261270618984,-0.12922010934521422,-0.01738968233423462,-41.480480599393566,0.06761974006119412,-41.54810033945476
Time:,0.08,x:   ,0.23750806865330507,0.03228877665214432,-0.01109097000117771,-0.47853249849580143,-0.14792606816033763,-0.019856647067296857,-41.48023231301077,0.08699040575212537,-41.56722271876289
Time:,0.09,x:   ,0.23139083228055088,0.03985400229800738,-0.012699317616014503,-0.5358688801738514,-0.1667142456685908,-0.022320137598977476,-41.47992866236397,0.10823928490236008,-41.58816794726633
Time:,0.1,x:   ,0.22471998050704045,0.04781378282760382,-0.013863615594253784,-0.5923125906379614,-0.18558299045192134,-0.024781953722136707,-41.47956942977115,0.1311501666140619,-41.610719596385216
Time:,0.11,x:   ,0.21754738869812554,0.05601789252561915,-0.014408913083979612,-0.6477670694742758,-0.20452655820772098,-0.027244554928337293,-41.479155756897036,0.15550816140548315,-41.63466391830252
Time:,0.12,x:   ,0.20992767970071727,0.06431092303845144,-0.014164431791276815,-0.7021386684507543,-0.22353491514022916,-0.029711023290352412,-41.47868985543533,0.18110496248537258,-41.6597948179207
Time:,0.13,x:   ,0.20191732243264157,0.072535680104493,-0.012970139471317255,-0.7553369319332857,-0.242593558449698,-0.03218499428878135,-41.4781746767431,0.20774274709480725,-41.68591742383791
Time:,0.14,x:   ,0.19357372188717129,0.08053659547782764,-0.01068319876871822,-0.8072748459523469,-0.2616833430155623,-0.03467055631362132,-41.477613570577674,0.2352365659846542,-41.71285013656233
Time:,0.15,x:   ,0.1849543303734433,0.0881630377189113,-0.007184055382658521,-0.8578690509572678,-0.2807803145970427,-0.03717212116746298,-41.47700996150538,0.2634152302192036,-41.74042519172458
Time:,0.16,x:   ,0.17611580489728607,0.09527242169044756,-0.0023819645981748776,-0.9070400150184073,-0.2998555616853717,-0.03969427008876617,-41.47636706747068,0.29212085510977254,-41.768487922580455
Time:,0.17,x:   ,0.16711322867642417,0.10173303917566422,0.0037802021130565176,-0.9547121661440932,-0.318875108128642,-0.04224158237047173,-41.47568767919677,0.32120734208820484,-41.796895021284975
Time:,0.18,x:   ,0.15799940737542129,0.10742655686500231,0.011321988888216583,-1.000813984235108,-0.33779987492495156,-0.04481845606417403,-41.474974012338905,0.35053815787300396,-41.82551217021191
Time:,0.19,x:   ,0.1488242441987332,0.11225014836549597,0.020222315145677325,-1.045278054807211,-0.356585741085338,-0.04742893183523173,-41.47422763735031,0.3799838008665857,-41.85421143821689
Time:,0.2,x:   ,0.1396341935902235,0.11611824084255028,0.030417437848863527,-1.088041087836291,-0.37518373003508665,-0.05007653103198611,-41.473449485406135,0.40941932848799734,-41.882868813894135
Time:,0.21,x:   ,0.1304717914783329,0.11896386362552747,0.04179998837901384,-1.1290439058577149,-0.39354034023307444,-0.05276411686298997,-41.47263992282931,0.43872226212741977,-41.91136218495673
Time:,0.22,x:   ,0.12137526066538844,0.12073958707254957,0.05421915833455565,-1.1682314057855727,-0.4115980276674991,-0.0554937829924867,-41.47179888143904,0.4677710977921569,-41.9395699792312
Time:,0.23,x:   ,0.11237819240372335,0.12141803838705112,0.06748210582412514,-1.2055524988682191,-0.429295835096134,-0.05826676713390919,-41.47092602810918,0.4964445414909085,-41.96737056960009
Time:,0.24,x:   ,0.10350930834627299,0.12099198085831649,0.08135663592043534,-1.2409600328615376,-0.44657014998002315,-0.06108337923482396,-41.47002095351118,0.5246214716637995,-41.99464242517498
Time:,0.25,x:   ,0.09479230967084058,0.11947394768140117,0.09557516909538322,-1.2744106999995062,-0.46335556167287106,-0.06394292610160565,-41.469083357513284,0.5521815203167468,-42.02126487783003
Time:,0.26,x:   ,0.08624582116726745,0.11689543302308682,0.1098399491071265,-1.3058649337946722,-0.47958578006770874,-0.0668436087063104,-41.468113207209186,0.5790060739427784,-42.047119281151964
Time:,0.27,x:   ,0.07788343679099165,0.11330566084501591,0.12382936415306452,-1.335286797216431,-0.4951945736564448,-0.06978236683989454,-41.46711084356876,0.6049794370640914,-42.07209028063285
Time:,0.28,x:   ,0.06971386960385927,0.10876997311287011,0.13720517627074166,-1.3626438644493755,-0.5101166852763347,-0.07275464956152917,-41.46607701503386,0.6299898832293399,-42.0960668982632
Time:,0.29,x:   ,0.06174120378688227,0.10336789850583483,0.14962039164776314,-1.387907098262322,-0.5242886883736174,-0.07575409933283375,-41.465012821876364,0.65393034180279,-42.118943163679155
Time:,0.3,x:   ,0.05396524065208998,0.09719097530805323,0.1607274747917599,-1.4110507250115814,-0.5376497543549454,-0.07877215183064072,-41.46391956430939,0.6766985276355618,-42.14061809194495
Time:,0.31,x:   ,0.04638192558079651,0.09034040389165524,0.17018662178270796,-1.4320521094141663,-0.5501423109995754,-0.08179757011323104,-41.46279850002055,0.698196402437099,-42.160994902457645
Time:,0.32,x:   ,0.038983839608660975,0.08292459390532339,0.17767386154456066,-1.450891631394059,-0.5617125813748214,-0.0848159484278437,-41.4616505319372,0.7183289466327526,-42.179979478569955
Time:,0.33,x:   ,0.03176073846006106,0.0750566510040071,0.18288883873891196,-1.4675525674651753,-0.5723110009621093,-0.08780923498543622,-41.46047586289608,0.7370023059279257,-42.197478168824006
Time:,0.34,x:   ,0.024700123063902436,0.06685182244455204,0.1855622298738563,-1.4820209792233952,-0.5818925170716173,-0.09075533267342563,-41.459273668384704,0.7541214504770946,-42.2133951188618
Time:,0.35000000000000003,x:   ,0.017787828285663724,0.05842489640026363,0.18546283494623086,-1.4942856115540704,-0.5904167790470949,-0.09362784098925901,-41.45804184955612,0.7695875462458853,-42.227629395802005
Time:,0.36,x:   ,0.011008619809969323,0.04988753290896458,0.18240445049619675,-1.5043378031129901,-0.5978482306883717,-0.0963960012096847,-41.456776934274544,0.7832952934693119,-42.24007222774386
Time:,0.37,x:   ,0.004346791770920734,0.04134550074068575,0.17625264910219526,-1.5121714114996179,-0.6041561184491056,-0.09902489999562217,-41.455474191874536,0.7951305441299067,-42.25060473600444
Time:,0.38,x:   ,-0.002213241060697404,0.03289580875695915,0.16693155086950773,-1.5177827552852383,-0.6093144309711173,-0.1014759741933431,-41.45412801502808,0.8049685747877595,-42.25909658981584
Time:,0.39,x:   ,-0.008686363666655452,0.02462375571193387,0.15443056339931943,-1.521170574628837,-0.6133017877652338,-0.1037078411981846,-41.4527325966233,0.8126734605723795,-42.265406057195676
Time:,0.4,x:   ,-0.015086204405919193,0.016599980039075007,0.1388108825430493,-1.5223360115231548,-0.6161012971910489,-0.10567745456011064,-41.451282888302,0.8180990548956171,-42.26938194319762
Time:,0.41000000000000003,x:   ,-0.021424618671369508,0.008877668435925464,0.12021129305978837,-1.5212826096644478,-0.6177004055027637,-0.10734155384933847,-41.44977577013769,0.8210920944169692,-42.27086786455466
Time:,0.42,x:   ,-0.027711237495591613,0.0014901700236144742,0.09885251442837026,-1.5180163324647875,-0.6180907581309615,-0.10865834305880528,-41.44821129311554,0.8214978707930285,-42.26970916390857
Time:,0.43,x:   ,-0.03395311447961929,-0.00555065701388438,0.07503906474966561,-1.5125455958499796,-0.617268089734424,-0.1095892972372473,-41.446593791141815,0.8191686852080394,-42.265762476349856
Time:,0.44,x:   ,-0.04015451030999654,-0.012254996242409506,0.04915746508312601,-1.5048813103891598,-0.6152321495096447,-0.11010096915670309,-41.44493261948661,0.8139748932662246,-42.258907512752835
Time:,0.45,x:   ,-0.04631685358642931,-0.018654180000969137,0.02166969912157083,-1.4950369253501767,-0.6119866531094443,-0.11016665393811291,-41.443242287841116,0.8058177765250997,-42.24906006436622
Time:,0.46,x:   ,-0.05243890608620267,-0.02479813991349062,-0.0068987254097269855,-1.483028465979909,-0.6075392354862975,-0.10976777484344075,-41.441541836879544,0.7946428501822452,-42.23618468706179
Time:,0.47000000000000003,x:   ,-0.05851713866080358,-0.030751217264137008,-0.035975995212886164,-1.4688745551923492,-0.6019013661763527,-0.10889487787083092,-41.43985345371681,0.7804517282495779,-42.22030518196639
Time:,0.48,x:   ,-0.06454629375090348,-0.036586637890825224,-0.06496540434484109,-1.4525964122381974,-0.5950881870427581,-0.10754816041422385,-41.43820050005328,0.7633105397926996,-42.201511039845975
Time:,0.49,x:   ,-0.07052007969296134,-0.042380223331614536,-0.09326899310969858,-1.4342178237771777,-0.5871182464277102,-0.10573750112189506,-41.43660528009726,0.7433532638357407,-42.179958543933004
Time:,0.5,x:   ,-0.07643192032698089,-0.04820406569246326,-0.12031095265027864,-1.4137650865838332,-0.578013130664946,-0.10348199722943449,-41.43508694704171,0.7207791876177526,-42.15586613465946
Time:,0.51,x:   ,-0.082275678217932,-0.054120881354014085,-0.14555842027992835,-1.3912669250675804,-0.56779702490613,-0.10080905000710588,-41.43365990906172,0.6958447595090606,-42.129504668570775
Time:,0.52,x:   ,-0.0880462822243291,-0.06017958480069607,-0.16853791693107162,-1.3667543899963654,-0.5564962585553802,-0.09775306979659383,-41.43233296400829,0.6688510738720858,-42.10118403788037
Time:,0.53,x:   ,-0.09374021479530605,-0.06641235400289382,-0.18884660984718307,-1.3402607466392509,-0.5441388980665857,-0.09435389962406526,-41.431109216430755,0.6401288182461635,-42.07123803467692
Time:,0.54,x:   ,-0.09935584242941439,-0.07283318216514771,-0.20615851225466922,-1.3118213607835656,-0.5307544404411846,-0.09065507725344082,-41.42998667042201,0.6100226309348338,-42.04000930135685
Time:,0.55,x:   ,-0.10489359619628709,-0.0794376995191854,-0.22022641698016174,-1.2814735899809404,-0.5163736400034012,-0.0867020646019245,-41.4289592890663,0.5788765353384576,-42.00783582440476
Time:,0.56,x:   ,-0.11035602373395424,-0.08620393585243608,-0.23088070429819016,-1.2492566854643712,-0.5010284771071343,-0.08254056740673148,-41.42801827867606,0.5470216145787494,-41.97503989325481
Time:,0.5700000000000001,x:   ,-0.11574773924563994,-0.0930936744802035,-0.23802619657697968,-1.2152117080428175,-0.48475225715025966,-0.0782150479642176,-41.427153380969436,0.5147665503213327,-41.94191993129077
Time:,0.58,x:   ,-0.12107529584232583,-0.10005409469780528,-0.24163805344105566,-1.1793814593785965,-0.46757981504204954,-0.07376750454902424,-41.426354014093405,0.482391199525185,-41.90874521361859
Time:,0.59,x:   ,-0.1263469980836396,-0.10701948134715904,-0.24175741957468597,-1.1418104286318949,-0.4495477942355153,-0.06923655908184871,-41.42561016968914,0.4501430740967756,-41.87575324378592
Time:,0.6,x:   ,-0.13157266445694935,-0.113912872040607,-0.23848723504162572,-1.102544753565557,-0.4306949687843166,-0.06465686506635926,-41.424913031488586,0.4182364147835611,-41.84314944627215
Time:,0.61,x:   ,-0.13676334181851693,-0.12064759881736391,-0.2319883430507254,-1.0616321947628704,-0.4110625792087979,-0.06005882374902332,-41.42425532375653,0.3868534743686538,-41.81110879812519
Time:,0.62,x:   ,-0.14193096790274404,-0.12712875279564265,-0.22247580443041745,-1.019122121489157,-0.39069465617323096,-0.05546857844405137,-41.423631424655184,0.3561476005005055,-41.77977902515569
Time:,0.63,x:   ,-0.14708797488110922,-0.13325465297751898,-0.21021516044693367,-0.9750655077949401,-0.36963830871983233,-0.05090824387967087,-41.42303729334238,0.32624769650839414,-41.74928498985078
Time:,0.64,x:   ,-0.15224682732344033,-0.13891843049999922,-0.19551828178260008,-0.9295149376175907,-0.34794395548268836,-0.04639631747813038,-41.4224702642247,0.2972636154703594,-41.719733879695056
Time:,0.65,x:   ,-0.1574194921117831,-0.1440098445753763,-0.17873840888250037,-0.8825246178356377,-0.3256654779999087,-0.04194821130820886,-41.421928760365546,0.26929200284139965,-41.69122076320694
Time:,0.66,x:   ,-0.16261684560109388,-0.1484174246614155,-0.16026403502362196,-0.834150398450827,-0.30286027556798023,-0.03757683693120773,-41.42141197236516,0.2424220579825756,-41.663834030347736
Time:,0.67,x:   ,-0.16784803345550242,-0.15203098672227883,-0.140511409773058,-0.7844497993310452,-0.279589202015153,-0.03329317201513847,-41.4209195399484,0.21674066026912026,-41.63766020021752
Time:,0.68,x:   ,-0.17311980900823223,-0.15474450653513105,-0.11991563432287809,-0.7334820432659417,-0.2559163674401596,-0.029106740196551222,-41.4204512619462,0.19233633137597198,-41.61278759332217
Time:,0.6900000000000001,x:   ,-0.17843588395917545,-0.1564592622586831,-0.0989205498421159,-0.6813080954764965,-0.23190879335842687,-0.02502594706851569,-41.4200068481752,0.16930160525858365,-41.58930845343378
Time:,0.7000000000000001,x:   ,-0.1837963281251849,-0.15708709799407072,-0.0779678374236861,-0.6279907101524733,-0.20763591830613842,-0.021058236560281756,-41.419585716703295,0.1477335561859675,-41.567319272889264
Time:,0.71,x:   ,-0.18919705129577943,-0.15655362512635437,-0.05748590094019044,-0.5735944849883641,-0.18316896241551972,-0.01721006145865755,-41.4191868348831,0.12773247322674874,-41.54691930810985
Time:,0.72,x:   ,-0.19462939040165697,-0.15480117789485295,-0.037879152905029544,-0.518185924924621,-0.1585801724470728,-0.013486694199418451,-41.41880860347261,0.10939892593945258,-41.528207529412065
Time:,0.73,x:   ,-0.20007981153509385,-0.15179137295493592,-0.019518257611318788,-0.4618335162383803,-0.133941981116515,-0.009891932213268763,-41.41844878866562,0.0928296912744196,-41.51127847994004
Time:,0.74,x:   ,-0.20552972250177434,-0.14750717871679583,-0.002731728259991321,-0.40460781165985393,-0.1093261239281461,-0.0064277695267713755,-41.41810451326157,0.07811316430574256,-41.49621767756731
Time:,0.75,x:   ,-0.21095538121789467,-0.14195446198861456,0.012200926545963608,-0.34658152628089384,-0.0848027612401156,-0.0030941094350208508,-41.41777232137274,0.06532493395396793,-41.483097255326705
Time:,0.76,x:   ,-0.2163278809682216,-0.13516302983717715,0.02505450105853387,-0.28782964271828415,-0.0604396520632249,0.00011141769285809294,-41.41744832828412,0.05452417100699427,-41.47197249929111
Time:,0.77,x:   ,-0.22161319613898384,-0.12718721165255323,0.03566196183930825,-0.22842952241094486,-0.036301419375654516,0.003193488282571136,-41.41712845803371,0.04575136804475799,-41.46287982607846
Time:,0.78,x:   ,-0.22677228064244653,-0.11810602591342656,0.043917066194558374,-0.16846101821754958,-0.012448935580264836,0.0061589535265716335,-41.416808757742466,0.039027813909782036,-41.45583657165225
Time:,0.79,x:   ,-0.23176122371305483,-0.1080229513475337,0.04977587760691547,-0.1080065817963139,0.011061157478814244,0.009016549095105254,-41.41648576249852,0.03435700006078149,-41.4508427625593
Time:,0.8,x:   ,-0.236531481252678,-0.0970652819299013,0.0532572345231885,-0.0471513577462539,0.03417679545771618,0.011776475141186748,-41.416156870522904,0.03172795508160024,-41.447884825604504
Time:,0.81,x:   ,-0.24103021238002126,-0.08538300163708656,0.05444210691456554,0.014016744670940358,0.05685072335514827,0.014449889457466274,-41.415820677818616,0.031120292387044734,-41.44694097020566
Time:,0.8200000000000001,x:   ,-0.24520075733161303,-0.0731470815124543,0.05347166013215511,0.07540701204608641,0.07904064567828846,0.017048363282372633,-41.415477216499525,0.03251053935417743,-41.4479877558537
Time:,0.8300000000000001,x:   ,-0.24898329182998163,-0.06054709110434714,0.050543774871054575,0.13692592929976682,0.10070934080788843,0.019583348131385885,-41.415128043163975,0.03587910504889449,-41.45100714821287
Time:,0.84,x:   ,-0.252315682884561,-0.04778803825899384,0.04590777608993943,0.1984772328172537,0.12182479191038502,0.022065693914581963,-41.414776134225164,0.041217062455059475,-41.455993196680225
Time:,0.85,x:   ,-0.2551345517852951,-0.03508640888011726,0.03985721881034954,0.2599620208216403,0.14236038379399527,0.024505245272600496,-41.41442556436596,0.048531806811302314,-41.46295737117727
Time:,0.86,x:   ,-0.2573765241646071,-0.02266546569446366,0.03272075905115955,0.3212789243617914,0.16229519998494749,0.026910527398005684,-41.41408097112477,0.05785064691132161,-41.47193161803609
Time:,0.87,x:   ,-0.25897961926698554,-0.010749966037174706,0.024851371632501184,0.3823243382268921,0.18161442668893985,0.02928851824284497,-41.41374684009113,0.0692215238234614,-41.48296836391459
Time:,0.88,x:   ,-0.2598847074306404,0.0004394508461996879,0.016614408811371793,0.4429927066719178,0.2003098337776271,0.03164449440848429,-41.413426676600515,0.08271033692214128,-41.496137013522656
Time:,0.89,x:   ,-0.26003695251148423,0.010691901619684065,0.008375162353810332,0.5031768547665662,0.21838026511267872,0.03398193522325587,-41.41312215545151,0.09839475761657801,-41.511516913068085
Time:,0.9,x:   ,-0.2593871583964901,0.01981161452364008,0.0004866475195410198,0.5627683532501256,0.23583204121865847,0.036302473286783946,-41.41283235454331,0.11635485916029427,-41.52918721370361
Time:,0.91,x:   ,-0.2578929556477734,0.027622749091585467,-0.006721746622460032,0.6216579036241232,0.2526791652682989,0.03860588759990404,-41.41255317772768,0.13666130329602802,-41.54921448102371
Time:,0.92,x:   ,-0.25551979131227254,0.033973520953565095,-0.012954278043489734,0.6797357311342612,0.26894323290608857,0.04089014364527954,-41.412277055881226,0.15936212961253313,-41.57163918549376
Time:,0.93,x:   ,-0.25224171497356,0.03873958332223879,-0.017957318024281466,0.7368919761306615,0.28465297608062934,0.04315149014871776,-41.4119929858854,0.184469353343666,-41.59646233922906
Time:,0.9400000000000001,x:   ,-0.24804197984569626,0.04182671467063303,-0.021526263995593407,0.7930170784994183,0.2998434143373787,0.04538462297794266,-41.4116869299932,0.21194659442316124,-41.62363352441636
Time:,0.9500000000000001,x:   ,-0.2429134935441423,0.0431729247791945,-0.023511061328304862,0.8480021546353721,0.31455463528655714,0.04758292276913145,-41.41134255881797,0.24169886800878418,-41.65304142682675
Time:,0.96,x:   ,-0.236859156431005,0.04275010684197158,-0.02382055864298591,0.9017393709333241,0.3288302711904646,0.04973876574265516,-41.41094228468643,0.2735655079505125,-41.68450779263694
Time:,0.97,x:   ,-0.22989211631383388,0.04056533109528753,-0.02242587725723899,0.9541223212758092,0.34271577504773537,0.051843898599657684,-41.410468501198004,0.30731700332498485,-41.717785504522986
Time:,0.98,x:   ,-0.22203594921878503,0.036661804203410926,-0.01936284129594601,1.0050464179385459,0.3562566236624582,0.05388986011036667,-41.409904920811435,0.34265631475750163,-41.75256123556893
Time:,0.99,x:   ,-0.21332475098159692,0.031119423997231027,-0.014733324555452938,1.0544093053701042,0.36949658462117185,0.05586842546245736,-41.40923788611525,0.37922498767806884,-41.78846287379332
