Grav Comp,0.0,dT,0.005,Substep Number,1
Time,State History
Time:,0.0,x:   ,2.6179938779914944,0.0,0.0,0.0,0.0,0.0,-1.5411837692321253,0.0,-1.5411837692321253
Time:,0.005,x:   ,2.618182680424113,-0.00026201280313470436,0.00011675319705882138,0.051680823063121134,-0.003921904470325904,0.0009351301033048058,-1.5411835013016466,0.0013435816377330514,-1.5425270829393796
Time:,0.01,x:   ,2.618748907084751,-0.0010475035079797828,0.00046626481023037236,0.10334319070822842,-0.007816232204871182,0.0018578926034736438,-1.5411810914439494,0.005372180158281889,-1.5465532716022312
Time:,0.015,x:   ,2.619691831507263,-0.002354264298310506,0.0010455090484459432,0.15495026949640717,-0.011627089802617018,0.0027428910673308825,-1.5411744088704928,0.012076149342847287,-1.5532505582133402
Time:,0.02,x:   ,2.621009996542288,-0.004177860246523252,0.0018483974416777446,0.20646527777959253,-0.015298600654189486,0.003564754877578121,-1.5411613513782683,0.021437332793958944,-1.5625986841722272
Time:,0.025,x:   ,2.6227012126373372,-0.006511623338591916,0.002865777622885666,0.25785154614000144,-0.018775010237740235,0.00429825354031331,-1.5411398632979167,0.033429197919856685,-1.5745690612177734
Time:,0.03,x:   ,2.6247625564042676,-0.009346647938458616,0.004085440217090808,0.3090725785146453,-0.022000799349454533,0.004918423329858786,-1.5411079531351215,0.04801704242487913,-1.5891249955600006
Time:,0.035,x:   ,2.627190369833378,-0.012671789017416477,0.005492136126522656,0.36009211417516135,-0.024920808036099525,0.005400710385117555,-1.5410637107180567,0.06515827251848674,-1.6062219832365434
Time:,0.04,x:   ,2.6299802606161413,-0.016473664850969478,0.0070676071210226225,0.41087419065167086,-0.027480372634913413,0.005721133679142571,-1.5410053236371357,0.08480275139719694,-1.6258080750343327
Time:,0.045,x:   ,2.633127104123109,-0.0207366661946079,0.008790633128638693,0.4613832075870957,-0.02962547784994715,0.0058564703709661345,-1.5409310927352722,0.1068932157132004,-1.6478243084484725
Time:,0.05,x:   ,2.636625047644317,-0.02544297417127429,0.01063709993614542,0.5115839913902612,-0.03130292521183596,0.005784464930320002,-1.5408394463800499,0.1313657567040694,-1.6722052030841192
Time:,0.055,x:   ,2.6404675175315386,-0.03057258921844052,0.012580091120114628,0.5614418604283303,-0.032460518592656466,0.005484062127979563,-1.5407289532277757,0.15815036142297623,-1.698879314650752
Time:,0.06,x:   ,2.6446472298803414,-0.036103373435597406,0.014590007909545224,0.6109226903688989,-0.033047266697267756,0.004935662548288301,-1.5405983331777524,0.18717150810426222,-1.7277698412820146
Time:,0.065,x:   ,2.6491562053517965,-0.042011108531790735,0.016634720314073793,0.6599929791575087,-0.033013601651628026,0.004121397763881107,-1.5404464662164639,0.21834880817537208,-1.758795274391836
Time:,0.07,x:   ,2.653985788657059,-0.04826957129210727,0.018679752233845836,0.7086199110059678,-0.0323116119874054,0.003025420790397438,-1.5402723988696136,0.25159768585714465,-1.7918700847267583
Time:,0.075,x:   ,2.659126673113434,-0.05485062806437142,0.0206885024110937,0.7567714186792258,-0.030895287516545036,0.0016342060000852814,-1.5400753480169551,0.28683008477487437,-1.8269054327918295
Time:,0.08,x:   ,2.664568930531099,-0.061724349225059066,0.022622502020817867,0.8044162433115173,-0.028720772839067536,-6.314858406396826e-05,-1.5398547018813191,0.3239551896418156,-1.8638098915231347
Time:,0.085,x:   ,2.670302046511439,-0.06885914393925624,0.024441708479329506,0.8515239909626499,-0.02574662557365657,-0.0020746246678965876,-1.5396100180782488,0.3628801499904508,-1.9024901680686996
Time:,0.09,x:   ,2.676314961039917,-0.07622191481610786,0.02610483374293042,0.8980651851472925,-0.021934074883617278,-0.004405001396826456,-1.5393410187031815,0.40351079222597347,-1.942851810929155
Time:,0.095,x:   ,2.68259611404988,-0.08377823131978192,0.027569704056325722,0.9440113146359878,-0.017247275525810162,-0.007055596213630942,-1.5390475825342316,0.44575230605587945,-1.984799888590111
Time:,0.1,x:   ,2.6891334954318333,-0.09149252007325712,0.028793646880303524,0.9893348759354974,-0.01165355250413041,-0.010024037350712165,-1.5387297345343685,0.4895098916765405,-2.028239626210909
Time:,0.105,x:   ,2.6959146987791427,-0.09932826953660494,0.029733899668686135,1.0340094100039678,-0.005123631477427353,-0.01330407562427589,-1.53838763293935,0.5346893550022433,-2.0730769879415933
Time:,0.11,x:   ,2.7029269780089638,-0.10724824599834278,0.030348034353679346,1.0780095329362012,0.002368149643926917,-0.016885441924242954,-1.5380215543103635,0.5811976396915197,-2.119219194001883
Time:,0.115,x:   ,2.7101573058875688,-0.11521471742579964,0.0305943908963093,1.1213109605562974,0.010843651991581523,-0.02075375514567784,-1.53763187700551,0.6289432867024238,-2.166575163707934
Time:,0.12,x:   ,2.7175924334301658,-0.12318968150463738,0.030432513099214107,1.1638905270673219,0.020320773339573057,-0.024890483399937914,-1.53721906357709,0.6778368144950246,-2.2150558780721146
Time:,0.125,x:   ,2.7252189491409093,-0.1311350941707311,0.029823580067801052,1.2057261981175054,0.03081331463127251,-0.029272959316239584,-1.5367836426283725,0.7277910156662949,-2.2645746582946673
Time:,0.13,x:   ,2.733023337108815,-0.13901309509603305,0.02873082721759445,1.2467970788366305,0.042330877170024026,-0.03387444824714158,-1.5363261906630175,0.7787211686007935,-2.315047359263811
Time:,0.135,x:   ,2.740992033075248,-0.14678622691539672,0.027119951507796034,1.2870834175623245,0.05487879129613592,-0.03866426636985473,-1.5358473144342613,0.8305451654959785,-2.36639247993024
Time:,0.14,x:   ,2.7491114777303562,-0.15441764544255535,0.024959496559125872,1.3265666061032453,0.0684580764804725,-0.04360794415499318,-1.5353476342521468,0.883183560728557,-2.418531194980704
Time:,0.145,x:   ,2.7573681666682983,-0.16187131868033644,0.022221214399415344,1.3652291774663445,0.08306543194365573,-0.04866742954967162,-1.5348277686409704,0.936559545844195,-2.4713873144851655
Time:,0.15,x:   ,2.765748696621842,-0.16911221303771057,0.018880401679664528,1.403054802003208,0.0986932562003008,-0.05380132454814133,-1.5342883206613265,0.9905988593834071,-2.5248871800447334
Time:,0.155,x:   ,2.774239807792797,-0.1761064657788778,0.014916209226546233,1.4400282829038318,0.1153296933588395,-0.05896514861447808,-1.5337298661277372,1.0452296412421647,-2.578959507369902
Time:,0.16,x:   ,2.7828284222835205,-0.18282154330519493,0.010311924666111673,1.4761355518863348,0.1329587035954016,-0.06411162265298744,-1.5331529438697844,1.1003822422818716,-2.633535186151656
Time:,0.165,x:   ,2.7915016788054716,-0.18922638537377312,0.005055228506211496,1.5113636658023983,0.15156015496797007,-0.06919096783458216,-1.5325580481058283,1.1559890004557325,-2.688547048561561
Time:,0.17,x:   ,2.8002469639848386,-0.19529153576006852,-0.0008615755389989772,1.545700804707843,0.1711099336356457,-0.07415121449828191,-1.5319456229282544,1.2119839948374194,-2.743929617765674
Time:,0.17500000000000002,x:   ,2.809051940696179,-0.20098926015839155,-0.007441355078827904,1.5791362717453028,0.1915800695784977,-0.07893851745790946,-1.5313160588384487,1.2683027886699048,-2.7996188475083534
Time:,0.18,x:   ,2.817904573928978,-0.20629365227633814,-0.014681967678323398,1.6116604949628666,0.21293887505005335,-0.08349747525093755,-1.5306696912201807,1.3248821719524075,-2.8555518631725882
Time:,0.185,x:   ,2.8267931547273646,-0.21118072911821195,-0.022576103241115145,1.6432650309616932,0.23515109320670208,-0.08777145206770116,-1.5300068006005743,1.381659913207957,-2.9116667138085313
Time:,0.19,x:   ,2.8357063227403847,-0.215628516378226,-0.031111150395801937,1.6739425700405441,0.25817805461471566,-0.09170290220243296,-1.5293276145174903,1.438574528975465,-2.9679021434929553
Time:,0.195,x:   ,2.844633087881444,-0.219617124693263,-0.0402690878900381,1.7036869422997685,0.2819778396065316,-0.09523369779458105,-1.52863231078951,1.4955650782937655,-3.0241973890832754
Time:,0.2,x:   ,2.853562851524504,-0.22312881725954337,-0.05002640282203607,1.7324931239948653,0.30650544471806995,-0.09830546131906816,-1.5279210219676402,1.5525709880282323,-3.0804920099958726
Time:,0.20500000000000002,x:   ,2.8624854275664604,-0.22614806902440932,-0.06035403835775069,1.760357243302528,0.3317129516693616,-0.10085990469695279,-1.5271938407357388,1.6095319133641772,-3.136725754099916
Time:,0.21,x:   ,2.8713910635660427,-0.2286616173533767,-0.0712173743067058,1.7872765845902232,0.35754969754106813,-0.10283917701416188,-1.526450826017531,1.6663876361825762,-3.192838462200107
Time:,0.215,x:   ,2.880270462036899,-0.23065850377503355,-0.08257624447304715,1.8132495902711334,0.3839624449483253,-0.10418622265857047,-1.525692009542844,1.7230780023704952,-3.248770011913339
Time:,0.22,x:   ,2.8891148018343844,-0.23213010615355237,-0.09438499497951436,1.838275859383117,0.41089555112916815,-0.10484515123997322,-1.5249174026230845,1.7795428974335064,-3.304460300056591
Time:,0.225,x:   ,2.8979157594408234,-0.23307016045961815,-0.10659258771217808,1.8623561421519197,0.4382911349652288,-0.10476161999019619,-1.5241270028884213,1.8357222581115302,-3.3598492609999515
Time:,0.23,x:   ,2.906665529831684,-0.23347477122994742,-0.11914275260545405,1.8854923299785773,0.46608924106280336,-0.10388322851795799,-1.5233208007459726,1.8915561161049292,-3.414876916850902
Time:,0.23500000000000001,x:   ,2.9153568465040336,-0.23334240984056684,-0.13197419166127877,1.9076874405165452,0.49422800017326746,-0.10215992489704524,-1.5224987853319139,1.946984668557402,-3.469483453889316
Time:,0.24,x:   ,2.9239830001765976,-0.23267389987716533,-0.1450208363898788,1.9289455977580725,0.5226437854553103,-0.0995444211888101,-1.5216609497505713,2.0019483686875597,-3.523609318438131
Time:,0.245,x:   ,2.9325378556338673,-0.2314723891628202,-0.15821215882792877,1.9492720073099432,0.5512713644068595,-0.09599261573497461,-1.5208072954209735,2.0563880289863894,-3.577195324407363
Time:,0.25,x:   ,2.9410158661884367,-0.22974330838192256,-0.1714735345277678,1.9686729272816483,0.5800440467436679,-0.09146401899101277,-1.5199378353845963,2.1102449287722265,-3.6301827641568227
Time:,0.255,x:   ,2.9494120852765384,-0.22749431668909884,-0.18472665404736036,1.9871556354099236,0.6088938290839976,-0.08592217937327873,-1.5190525964662367,2.1634609176731217,-3.6825135141393583
Time:,0.26,x:   ,2.9577221747783278,-0.22473523517232474,-0.19788997765702998,2.004728393180617,0.6377515380086084,-0.07933510560682346,-1.5181516202196375,2.2159785068192646,-3.734130127038902
Time:,0.265,x:   ,2.965942409760185,-0.2214779695018594,-0.2108792263764898,2.021400407765747,0.6665469738785542,-0.07167568239332586,-1.5172349626285286,2.267740940174367,-3.7849759028028958
Time:,0.27,x:   ,2.9740696794614454,-0.2177364234902621,-0.22360790121610005,2.037181792561941,0.695209058668617,-0.06292207683942994,-1.5163026925681735,2.3186922394772873,-3.834994932045461
Time:,0.275,x:   ,2.9821014844807605,-0.21352640556604874,-0.23598782174438465,2.0520835269972495,0.7236659919547469,-0.05305813392762315,-1.5153548890603759,2.3687772176306003,-3.884132106690976
Time:,0.28,x:   ,2.990035930245238,-0.20886553028592142,-0.2479296749222206,2.0661174160774696,0.751845420011807,-0.04207376027620463,-1.5143916373738304,2.417941456957575,-3.932333094331405
Time:,0.28500000000000003,x:   ,2.9978717169567126,-0.20377311695304431,-0.2593435655633174,2.079296049890497,0.7796746236603117,-0.029965296403071856,-1.5134130240321597,2.466131250429298,-3.9795442744614578
Time:,0.29,x:   ,3.005608126294192,-0.19827008716326794,-0.27013956077638057,2.0916327630045606,0.807080730975951,-0.01673587855430455,-1.5124191307948185,2.513293505608876,-4.025712636403695
Time:,0.295,x:   ,3.0132450052030215,-0.19237886267664545,-0.28022822224251553,2.103141593414122,0.8339909611791104,-0.0023957917647057687,-1.5114100276751765,2.559375612547565,-4.070785640222741
Time:,0.3,x:   ,3.020782747116726,-0.18612326443308336,-0.28952112206929054,2.1138372404366184,0.8603329059010069,0.013037183914002246,-1.5103857650595622,2.6043252780985884,-4.114711043158151
Time:,0.305,x:   ,3.028222270937848,-0.17952841283607032,-0.29793134010514727,2.123735020771822,0.8860348535414623,0.029537432218103652,-1.5093463649969863,2.6480903300224856,-4.157436695019472
Time:,0.31,x:   ,3.035564998053893,-0.17262062866254516,-0.30537394285409064,2.1328508218247673,0.9110261615702887,0.04707116328447651,-1.5082918117482733,2.690618494818516,-4.198910306566789
Time:,0.315,x:   ,3.0428128275909017,-0.16542733316832345,-0.3117664463713429,2.1412010513756985,0.9352376803754321,0.06559607985407463,-1.5072220417205866,2.731857153449319,-4.239079195169905
Time:,0.32,x:   ,3.049968110019049,-0.15797694519347621,-0.31702926763971573,2.148802582759147,0.9586022306364788,0.08506104826152956,-1.5061369329753105,2.771753079092482,-4.277890012067792
Time:,0.325,x:   ,3.0570336191312855,-0.15029877237157857,-0.32108617084776875,2.155672694881427,0.9810551342236602,0.10540577717000017,-1.505036294587311,2.8102521608523845,-4.3152884554396955
Time:,0.33,x:   ,3.064012522326267,-0.14242289294418645,-0.3238647166691581,2.161829006644255,1.0025347963205753,0.12656050906710964,-1.5039198562543197,2.8472991171286743,-4.351218973382994
Time:,0.335,x:   ,3.0709083490480547,-0.13438002420258868,-0.3252967240582993,2.167289405626115,1.0229833338793646,0.14844573183376322,-1.5027872587067121,2.8828372022169,-4.385624460923612
Time:,0.34,x:   ,3.0777249571729555,-0.1262013732413041,-0.32531875522588094,2.1720719711704723,1.0423472426780704,0.1709719201973861,-1.5016380456474603,2.9168079098794695,-4.41844595552693
Time:,0.34500000000000003,x:   ,3.0844664970920292,-0.11791846552626152,-0.32387263533409955,2.176194892305459,1.0605780921985521,0.1940393195777135,-1.5004716581542485,2.9491506782450356,-4.449622336399284
Time:,0.35000000000000003,x:   ,3.0911373732179173,-0.10956294676928718,-0.32090601903230287,2.1796763811374182,1.0776332343133244,0.21753778775447966,-1.4992874326901933,2.979802601643011,-4.479090034333204
Time:,0.355,x:   ,3.0977422026471952,-0.10116635377856896,-0.3163730161757949,2.182534582488207,1.0934765083901838,0.24134671299450677,-1.4980846040827518,3.0086981570157065,-4.506782761098458
Time:,0.36,x:   ,3.104285770734234,-0.09275985035225036,-0.3102348888081116,2.184787480558438,1.1080789219205651,0.2653350308582231,-1.4968623150206506,3.0357689555050316,-4.532631270525682
Time:,0.365,x:   ,3.1107729833798228,-0.08437392494659168,-0.3024608305292245,2.1864528032824677,1.1214192821806908,0.2893613659529001,-1.495619633758705,3.0609435337672726,-4.556563167525978
Time:,0.37,x:   ,3.1172088159094264,-0.07603804785180326,-0.2930288374032277,2.187547924798467,1.1334847507909143,0.31327432946608785,-1.494355581771992,3.084147204534024,-4.578502786306016
Time:,0.375,x:   ,3.123598258516498,-0.0677802870455658,-0.28192667614738215,2.188089766110458,1.1442712894383602,0.33691300835583304,-1.493069173016933,3.105301991794812,-4.598371164811745
Time:,0.38,x:   ,3.1299462583839004,-0.05962688389134848,-0.2691529499476499,2.18809469361338,1.1537839616436012,0.36010768737248877,-1.4917594661776756,3.1243266824348983,-4.616086148612574
Time:,0.385,x:   ,3.136257658783433,-0.05160179254984655,-0.2547182542467868,2.187578414755005,1.1620370525925707,0.3826808501328567,-1.4904256307355115,3.1411370326792274,-4.631562663414739
Time:,0.39,x:   ,3.1425371357049228,-0.04372619051927301,-0.23864640364037082,2.186555869809404,1.1690539672302014,0.40444850934976684,-1.4890670268259063,3.15564617340494,-4.644713200230846
Time:,0.395,x:   ,3.1487891328983233,-0.03601797221497369,-0.22097569614269338,2.1850411186407945,1.174866866796498,0.4252219176167716,-1.487683297584737,3.16776526203446,-4.655448559619197
Time:,0.4,x:   ,3.1550177966363204,-0.02849124293910857,-0.20176016248837603,2.183047221553223,1.1795160068536275,0.4448097068737492,-1.4862744710059093,3.177404428642142,-4.663678899648051
Time:,0.405,x:   ,3.161226912020614,-0.021155836787334067,-0.18107072646378414,2.180586113946095,1.1830487469494115,0.46302049436053294,-1.4848410662766565,3.184474058095489,-4.669315124372146
Time:,0.41000000000000003,x:   ,3.1674198432396645,-0.014016888515430318,-0.15899617923014586,2.1776684755848787,1.1855182148548133,0.4796659728237284,-1.4833841972685677,3.1888864363968237,-4.672270633665391
Time:,0.41500000000000004,x:   ,3.1735994807832877,-0.007074495294693586,-0.13564384930583995,2.1743035968393998,1.1869816280668444,0.4945644706781066,-1.4819056636257626,3.190557766127042,-4.6724634297528045
Time:,0.42,x:   ,3.1797681991330293,-0.00032350836531162483,-0.11113983490091738,2.170499246131707,1.1874983025325325,0.5075449227365383,-1.4804080181498156,3.1894105222857965,-4.669818540435612
Time:,0.425,x:   ,3.1859278287394495,0.006246504724059525,-0.08562866237648337,2.166261544849407,1.1871274124907292,0.5184511354641075,-1.4788945985032496,3.185376077022147,-4.664270675525397
Time:,0.43,x:   ,3.192079646006946,0.012651090962151175,-0.05927224964693501,2.1615948577860524,1.185925603086613,0.52714616749507,-1.4773695122407977,3.178397473584096,-4.655766985824894
Time:,0.435,x:   ,3.198224384384189,0.018910510123782538,-0.032248090773114635,2.1565017083626934,1.183944593777405,0.5335165854821651,-1.4758375672813928,3.1684321831452538,-4.644269750426647
Time:,0.44,x:   ,3.204362268419209,0.025049091948922204,-0.004746638629040931,2.1509827280639744,1.1812289383168157,0.5374763097628497,-1.4743041452343837,3.15545464235145,-4.629758787585834
Time:,0.445,x:   ,3.210493070819645,0.031094366339039583,0.02303205828042437,2.1450366483988277,1.1778141184043562,0.538969747483897,-1.4727750220010858,3.1394583545947814,-4.612233376595867
Time:,0.45,x:   ,3.216616190355305,0.037076005651164916,0.05088232178072106,2.1386603411985865,1.1737251365479529,0.5379739336949426,-1.4712561476738486,3.120457352257688,-4.5917134999315365
Time:,0.455,x:   ,3.222730746194458,0.04302464133291594,0.07859719037539192,2.1318489094101922,1.1689757369271565,0.5344994674998439,-1.469753404388388,3.098486863417716,-4.568240267806104
Time:,0.46,x:   ,3.2288356823987203,0.048970633822776465,0.10597286849608008,2.12459582622659,1.1635683243968649,0.5285901346428872,-1.4682723648561948,3.0736031004004802,-4.541875465256675
Time:,0.465,x:   ,3.23492987520014,0.05494288113348586,0.13281298308760864,2.116893116105219,1.15749458032887,0.5203212338731878,-1.466818074707588,3.0458821774618436,-4.512700252169432
Time:,0.47000000000000003,x:   ,3.241012235579391,0.06096774628514945,0.1589323756314522,2.108731567669388,1.1507367025289648,0.5097967496269489,-1.4653948783116615,3.015418254481416,-4.480813132793077
Time:,0.47500000000000003,x:   ,3.2470818005576865,0.06706816789756725,0.1841602180883145,2.1001009662266927,1.143269137899849,0.49714561535697194,-1.4640063012106794,2.9823210764446073,-4.446327377655287
Time:,0.48,x:   ,3.2531378082835745,0.07326299525608944,0.2083423251032862,2.090990332953062,1.1350606402313113,0.48251737381393994,-1.46265499425117,2.9467131227688865,-4.4093681170200565
Time:,0.485,x:   ,3.2591797540692387,0.07956656370838487,0.2313426250394441,2.0813881586364413,1.1260764750683872,0.46607755660171096,-1.461342736662004,2.90872659169113,-4.370069328353134
Time:,0.49,x:   ,3.265207426610118,0.0859885028356615,0.2530438330105902,2.0712826219324953,1.1162806066500326,0.4480030798103421,-1.4600704891547194,2.8685004261110345,-4.328570915265754
Time:,0.495,x:   ,3.2712209253841342,0.09253375170859048,0.2733474290929976,2.060661784877264,1.1056377317826127,0.42847789745398085,-1.45883848438288,2.826177547100768,-4.285016031483648
Time:,0.5,x:   ,3.2772206614868105,0.09920274416942616,0.2921730798650275,2.0495137614191643,1.094115063896729,0.40768908475584437,-1.4576463408729432,2.7819024105606664,-4.23954875143361
Time:,0.505,x:   ,3.283207344872452,0.10599172233798616,0.309457652733827,2.037826857542157,1.0816838098035029,0.3858234527253925,-1.456493187373928,2.735818951192053,-4.192312138565981
Time:,0.51,x:   ,3.2891819612036386,0.11289313717739932,0.32515396531467133,2.0255896838570706,1.0683203163310433,0.36306473378359233,-1.455377786753378,2.688068933275599,-4.143446720028977
Time:,0.515,x:   ,3.2951457413838194,0.11989609925168972,0.3392293930376298,2.0127912431929196,1.05400689115444,0.33959133059164187,-1.4542986513656144,2.638790693544074,-4.093089344909688
Time:,0.52,x:   ,3.301100126495679,0.12698684906436886,0.3516644334042215,1.9994209967074963,1.0387323210070987,0.3155745878963541,-1.4532541446545086,2.5881182386527732,-4.041372383307282
Time:,0.525,x:   ,3.3070467304083864,0.1341492232186258,0.36245129974115536,1.9854689124300717,1.0224921218380976,0.291177528575769,-1.4522425662507716,2.5361806472973596,-3.9884232135481312
Time:,0.53,x:   ,3.312987301835662,0.1413650991566639,0.37159259403281725,1.9709255000726107,1.0052885608686606,0.2665539872387948,-1.4512622198014675,2.4831017227813765,-3.934363942582844
Time:,0.535,x:   ,3.318923687177085,0.14861480690016782,0.3791000890599834,1.9557818355399543,0.9871304915889328,0.24184807447437687,-1.450311464189133,2.4289998433898026,-3.8793113075789356
Time:,0.54,x:   ,3.3248577950835347,0.15587750082477086,0.38499363508761675,1.9400295779678214,0.9680330410436929,0.21719390926351245,-1.4493887497113982,2.373987963081735,-3.823376712793133
Time:,0.545,x:   ,3.3307915633618346,0.16313148806632602,0.38930019546598904,1.9236609814341976,0.9480171854784962,0.19271556389447028,-1.4484926412934036,2.318173722011057,-3.7666663633044606
Time:,0.55,x:   ,3.3367269285702164,0.17035451279801736,0.39205300810246524,1.9066689028132204,0.9271092464039753,0.1685271733706264,-1.447621830997409,2.261659633943505,-3.709281464940914
Time:,0.555,x:   ,3.3426657984467116,0.17752399750334555,0.39329086506899297,1.889046806633691,0.9053403349314917,0.14473316878022874,-1.446775142072203,2.204543324925989,-3.651318466998192
Time:,0.56,x:   ,3.3486100271473878,0.18461724367232898,0.3930574999035911,1.8707887673062302,0.8827457681540768,0.12142860087610155,-1.4459515266258873,2.146917804091912,-3.5928693307177992
Time:,0.5650000000000001,x:   ,3.3545613931419043,0.19161159521846097,0.39140107081825964,1.851889468713754,0.8593644775508418,0.09869952597778009,-1.4451500587690926,2.0888717530186898,-3.5340218117877824
Time:,0.5700000000000001,x:   ,3.3605215795134913,0.1984845684743538,0.38837372754741345,1.8323442009240736,0.8352384259404876,0.0766234312460166,-1.4443699248029915,2.0304898245217693,-3.474859749324761
Time:,0.5750000000000001,x:   ,3.3664921563347208,0.20521395296649747,0.38403124959648194,1.8121488536744266,0.810412046404606,0.05526968048771279,-1.4436104117464543,1.9718529452062268,-3.415463356952681
Time:,0.58,x:   ,3.3724745647367684,0.21177788735881226,0.3784327439300541,1.7912999062811807,0.7849317138216321,0.034699965074431016,-1.442870895226896,1.913038618591049,-3.355909513817945
Time:,0.585,x:   ,3.3784701022572095,0.21815491503279713,0.3716403905168769,1.7697944137244712,0.7588452571651227,0.014968747455435801,-1.4421508275106962,1.8541212272863654,-3.2962720547970616
Time:,0.59,x:   ,3.384479909039633,0.22432402376361274,0.3637192245426081,1.7476299888249955,0.7322015184920474,-0.0038763127407846765,-1.4414497262268267,1.795172333661489,-3.2366220598883157
Time:,0.595,x:   ,3.390504954467939,0.23026467386786728,0.3547369444836482,1.724804780645494,0.7050499625476915,-0.021793957776532282,-1.440767164143932,1.7362609788108085,-3.1770281429547405
Time:,0.6,x:   ,3.396546023849468,0.23595681904248306,0.3447637356205003,1.701317449489549,0.677440339117936,-0.03874896173876835,-1.4401027601968368,1.6774539795188403,-3.117556739715677
Time:,0.605,x:   ,3.402603704814176,0.2413809238812714,0.3338720989989319,1.6771671391132348,0.6494223986465619,-0.054711795081029725,-1.439456171822616,1.6188162224530576,-3.0582723942756735
Time:,0.61,x:   ,3.4086783731710324,0.24651798174034717,0.32213667638087246,1.6523534469902608,0.6210456601896127,-0.06965832565874375,-1.4388270885578966,1.5604109540772642,-2.999238042635161
Time:,0.615,x:   ,3.4147701780558055,0.2513495362188384,0.3096340624305004,1.626876393660014,0.592359229491268,-0.0835695563696418,-1.4382152267663268,1.50230006388176,-2.940515290648087
Time:,0.62,x:   ,3.4208790263129023,0.25585770902372496,0.2964425963172199,1.6007363923240483,0.5634116638328294,-0.09643139784155899,-1.437620325307214,1.4445443575715817,-2.8821646828787957
Time:,0.625,x:   ,3.4270045661729496,0.26002523639853914,0.2826421261358089,1.573934219926857,0.5342508793315996,-0.10823447308320355,-1.4370421419218127,1.3872038159434747,-2.8242459578652874
Time:,0.63,x:   ,3.4331461704106188,0.26383551562404584,0.2683137410714979,1.5464709909515015,0.504924095559356,-0.11897394968250824,-1.4364804501009292,1.3303378344170043,-2.7668182845179334
Time:,0.635,x:   ,3.439302919285655,0.2672726623630442,0.2535394680689478,1.5183481350747516,0.47547781172592146,-0.12864939406325426,-1.4359350362052237,1.2740054376607446,-2.7099404738659683
Time:,0.64,x:   ,3.445473583675071,0.27032157884910774,0.2384019318558452,1.4895673796599977,0.4459578082504047,-0.13726464155565513,-1.4354056966349964,1.2182654635540293,-2.6536711601890257
Time:,0.645,x:   ,3.4516566088866805,0.27296803214767684,0.22298397944047843,1.4601307378257473,0.4164091673393284,-0.14482767565393634,-1.4348922348868551,1.1631767109115578,-2.598068945798413
Time:,0.65,x:   ,3.45785009969488,0.27519874099175173,0.20736827252683143,1.4300405025258205,0.3868763062210781,-0.1513505098592704,-1.4343944583862744,1.1087980460071138,-2.5431925043933883
Time:,0.655,x:   ,3.4640518071521558,0.2770014690611025,0.19163685352003895,1.3992992467336345,0.3574030169548894,-0.15684906594894085,-1.4339121750433808,1.0551884639634144,-2.489100639006795
Time:,0.66,x:   ,3.4702591177000865,0.2783651220792651,0.17587069276447692,1.367909829461613,0.32803250723180233,-0.16134304334883343,-1.43344518953922,1.0024071024877725,-2.4358522920269925
Time:,0.665,x:   ,3.4764690450314966,0.2792798457850636,0.16014922620549943,1.335875406995672,0.29880743729046066,-0.16485577545757926,-1.4329932994061543,0.9505132071488323,-2.3835065065549865
Time:,0.67,x:   ,3.482678225044601,0.27973712172060383,0.14454989365783735,1.3031994484126486,0.26976994894141665,-0.16741407018522658,-1.4325562910141096,0.8995660492954349,-2.3321223403095446
Time:,0.675,x:   ,3.48888291408836,0.2797298578742364,0.12914768820679826,1.2698857542019966,0.24096168367396695,-0.16904803350987038,-1.4321339356105742,0.8496247996788604,-2.2817587352894346
Time:,0.68,x:   ,3.495078990536907,0.2792524715144157,0.11401472692855645,1.2359384766534758,0.21242378784343047,-0.16979087639089566,-1.4317259855835738,0.8007483627099268,-2.2324743482935006
Time:,0.685,x:   ,3.5012619595631205,0.27830096201962434,0.09921985212343323,1.2013621406135087,0.1841969039343497,-0.16967870677643349,-1.43133217112339,0.7529951779258974,-2.1843273490492874
Time:,0.6900000000000001,x:   ,3.5074269608210384,0.27687297210605427,0.08482827070348316,1.1661616632586957,0.15632114780025905,-0.16875030958945475,-1.430952197450313,0.7064229965452076,-2.1373751939955206
Time:,0.6950000000000001,x:   ,3.5135687786068592,0.2749678365237631,0.07090123740585556,1.1303423716802028,0.12883607253828808,-0.16704691838366517,-1.430585742755398,0.6610886418720978,-2.091674384627496
Time:,0.7000000000000001,x:   ,3.5196818539593204,0.27258661797499634,0.057495785291829686,1.0939100173031115,0.10178062022846371,-0.16461198277555888,-1.4302324569716984,0.6170477627417427,-2.047280219713441
Time:,0.705,x:   ,3.525760298089606,0.2697321306494847,0.04466450472490749,1.056870786459258,0.07519306313451067,-0.16149093577110163,-1.4298919614585812,0.5743545891753935,-2.0042465506339746
Time:,0.71,x:   ,3.5317979065020872,0.26640895232339884,0.03245536987683761,1.019231306765371,0.04911093612684725,-0.15773096474089884,-1.429563849645498,0.5330616989879979,-1.962625548633496
Time:,0.715,x:   ,3.537788173179929,0.2626234263961658,0.020911609937524743,0.9809986493041601,0.023570962068972433,-0.1533807891140886,-1.4292476886460144,0.49321980332935195,-1.9224674919753664
Time:,0.72,x:   ,3.5437243042604276,0.25838365552157716,0.010071620713933032,0.9421803269396656,-0.0013910282610346096,-0.14849044693821858,-1.4289430218215207,0.454877558131835,-1.8838205799533556
Time:,0.725,x:   ,3.549599230708148,0.2536994886195519,-3.10887394430661e-05,0.9027842893987985,-0.025740180419729697,-0.14311109138104147,-1.4286493722464846,0.4180814072748033,-1.846730779521288
Time:,0.73,x:   ,3.55540561960229,0.24858250303773946,-0.00936792038713957,0.8628189160027033,-0.04944270376470492,-0.13729479712306814,-1.4283662470048029,0.3828754620423544,-1.8112417090471573
Time:,0.735,x:   ,3.5611358837806453,0.24304598348241,-0.017915188419064348,0.8222930071242222,-0.07246596154510813,-0.13109437549309708,-1.4280931422278815,0.3493014202169892,-1.7773945624448708
Time:,0.74,x:   ,3.5667821897186487,0.23710489907652516,-0.025654103139552888,0.7812157755764304,-0.09477856336547097,-0.1245631962074133,-1.4278295487694443,0.3173985269662564,-1.7452280757357008
Time:,0.745,x:   ,3.572336463661898,0.23077587955349727,-0.03257074263050417,0.7395968392016617,-0.11635046006554096,-0.11775501274734895,-1.4275749583969093,0.28720357857084006,-1.7147785369677493
Time:,0.75,x:   ,3.577790396168601,0.2240771911827427,-0.03865601634911062,0.6974462159337267,-0.13715304128139666,-0.11072378779528448,-1.4273288703641311,0.2587509690183731,-1.6860798393825043
Time:,0.755,x:   ,3.583135445350299,0.21702871257179862,-0.04390562368618192,0.6547743225535133,-0.15715923609087273,-0.1035235147784325,-1.4270907982133438,0.23207277853807962,-1.6591635767514235
Time:,0.76,x:   ,3.5883628392213605,0.20965191002206243,-0.0483200092468336,0.6115919782562647,-0.17634361719272923,-0.0962080314639359,-1.4268602766345495,0.2071989022550964,-1.634059178889646
Time:,0.765,x:   ,3.5934635776770874,0.20196981165211264,-0.05190431529112961,0.5679104140042628,-0.19468250902383427,-0.08883082171937381,-1.4266368681887167,0.18415721627082382,-1.6107940844595405
Time:,0.77,x:   ,3.598428434714093,0.19400697906391523,-0.05466833045312659,0.5237412884577262,-0.2121541000866564,-0.08144480200279937,-1.426420169676807,0.16297377759610668,-1.5893939472729137
Time:,0.775,x:   ,3.603247961581959,0.1857894749323764,-0.05662643260364642,0.4790967110651177,-0.22873855954933886,-0.07410208987084224,-1.4262098179119072,0.14367305345067283,-1.56988287136258
Time:,0.78,x:   ,3.6079124916088663,0.1773448245672096,-0.05779752259331146,0.4339892726567834,-0.24441815790442073,-0.0668537527779585,-1.4260054946282443,0.1262781744775253,-1.5522836691057695
Time:,0.785,x:   ,3.6124121474722375,0.16870196924800218,-0.05820494466474601,0.3884320836274709,-0.25917739114443267,-0.05974953665915715,-1.4258069302421037,0.11081120540129837,-1.536618135643402
Time:,0.79,x:   ,3.6167368516844993,0.15989120898911535,-0.05787638861208024,0.3424388195184182,-0.2730031075500348,-0.05283757520317683,-1.425613906168603,0.09729342559924752,-1.5229073317678505
Time:,0.795,x:   ,3.620876341029792,0.15094413237054904,-0.05684376834550776,0.29602377352347453,-0.2858846358082515,-0.046164082277206434,-1.425426255399408,0.08574561098739532,-1.5111718663868032
Time:,0.8,x:   ,3.6248201856163234,0.14189353119195544,-0.05514307143717963,0.24920191515236761,-0.2978139128059887,-0.03977303158336809,-1.4252438610629796,0.07618830760887624,-1.501432168671856
Time:,0.805,x:   ,3.628557813098608,0.1327732979829357,-0.052814174521109085,0.2019889539956226,-0.308785609100514,-0.03370582921805077,-1.4250666527251261,0.0686420864235488,-1.493708739148675
Time:,0.81,x:   ,3.63207853847359,0.12361830483962256,-0.04990062011726659,0.15440140725957868,-0.3187972497782631,-0.02800098625813747,-1.4248946002445957,0.06312776813067549,-1.4880223683752711
Time:,0.8150000000000001,x:   ,3.635371599666798,0.11446426265099678,-0.046449351549348546,0.10645666948828489,-0.3278493282007004,-0.022693799692878092,-1.4247277050784029,0.05966660651234448,-1.4843943115907474
Time:,0.8200000000000001,x:   ,3.638426198904822,0.1053475605110349,-0.04251040409840144,0.058173082675318594,-0.33594541002407713,-0.017816050834939964,-1.4245659890316857,0.05828041886577396,-1.4828464078974597
Time:,0.8250000000000001,x:   ,3.6412315496279115,0.0963050859525384,-0.038136552318331705,0.00957000480727735,-0.3430922248884486,-0.013395730668502116,-1.4244094805642187,0.05899165268553007,-1.4834011332497488
Time:,0.8300000000000001,x:   ,3.64377692844434,0.08737402753844362,-0.033382915436796404,-0.039332125213893926,-0.34929974331408786,-0.00945680134134694,-1.4242581988938006,0.0618233789223694,-1.48608157781617
Time:,0.835,x:   ,3.6460517313824807,0.07859166224686248,-0.0283065248463499,-0.08851172833797301,-0.3545812366261406,-0.006019002137212537,-1.4241121362660638,0.06679920390371301,-1.4909113401697769
Time:,0.84,x:   ,3.648045533475203,0.06999513091890071,-0.022965859702552917,-0.13794603381846066,-0.35895331814639564,-0.003097706782019023,-1.4239712388821293,0.07394309432092938,-1.4979143332030587
Time:,0.845,x:   ,3.6497481505322034,0.06162120573322905,-0.017420358424259267,-0.18761103718063296,-0.3624359644281434,-0.0007038369100136064,-1.4238353870780016,0.0832791124846736,-1.5071144995626753
Time:,0.85,x:   ,3.6511497018353456,0.05350605416396596,-0.011729915279599283,-0.2374814692837089,-0.3650525159381506,0.001156165930815769,-1.4237043754238454,0.0948310621827912,-1.5185354376066367
Time:,0.855,x:   ,3.6522406724420473,0.04568500411799665,-0.005954372107894342,-0.287530777723926,-0.3668296572699932,0.002480310044871814,-1.4235778934495833,0.10862204876463256,-1.5321999422142158
Time:,0.86,x:   ,3.653011973808625,0.038192314904548115,-0.0001530154840286074,-0.33773112143348505,-0.36779737765856096,0.0032709681624159166,-1.4234555077014037,0.12467396031497655,-1.5481294680163802
Time:,0.865,x:   ,3.653455001548832,0.031060958359299548,0.005615910756158274,-0.3880533789016043,-0.3679889132055839,0.0035347423969058532,-1.423336645791984,0.14300687976149565,-1.5663435255534797
Time:,0.87,x:   ,3.653561689315264,0.024322413850032813,0.011295668716460296,-0.4384671700059084,-0.36744067277041575,0.0032822873147571913,-1.4232205830294653,0.16363844029449126,-1.5868590233239566
Time:,0.875,x:   ,3.6533245580192175,0.018006480077944944,0.01683145799256609,-0.48894089102387567,-0.3661921498845748,0.002528100442518557,-1.4231064321042295,0.18658313842207794,-1.6096895705263075
Time:,0.88,x:   ,3.6527367598696974,0.012141105624478718,0.022170810141531747,-0.5394417620220459,-0.36428582327843284,0.0012902904655370064,-1.4229931361890347,0.21185162025229032,-1.6348447564413249
Time:,0.885,x:   ,3.651792116993766,0.006752239155372232,0.027263942811792063,-0.5899358855175906,-0.3617670486430634,-0.00040966641366434555,-1.4228794656780408,0.2394499571659534,-1.6623294228439942
Time:,0.89,x:   ,3.6504851546772574,0.001863699161581192,0.03206407251741218,-0.6403883150883225,-0.3586839440837923,-0.0025471719734365007,-1.422764018665039,0.26937892696511395,-1.6921429456301529
Time:,0.895,x:   ,3.648811129517782,-0.0025029378349725505,0.03652768717462939,-0.6907631324810394,-0.35508727136351237,-0.0050947444545874545,-1.4226452251505257,0.3016333159502301,-1.7242785411007557
Time:,0.9,x:   ,3.646766052995292,-0.006328432492289612,0.040614781400878736,-0.7410235317338352,-0.3510303145056074,-0.008022242777402674,-1.4225213548771487,0.3362012563321857,-1.7587226112093344
Time:,0.905,x:   ,3.644346711127938,-0.009595963778848152,0.044289059093310615,-0.7911319088778964,-0.3465687566609695,-0.011297071248441258,-1.4223905286273855,0.37306361207855343,-1.7954541407059388
Time:,0.91,x:   ,3.641550680986017,-0.012291198932784794,0.047518108880029296,-0.8410499559046608,-0.34176055538053735,-0.01488436174896565,-1.422250732776177,0.4121934248829596,-1.8344441576591368
Time:,0.915,x:   ,3.63837634488232,-0.014402355337969276,0.05027355863487659,-0.8907387578573877,-0.33666581561692643,-0.01874713273461157,-1.422099836871585,0.4535554305700507,-1.8756552674416356
Time:,0.92,x:   ,3.6348229030445594,-0.01592025736107063,0.05253121536001726,-0.9401588921125481,-0.33134665894948795,-0.022846426696109225,-1.4219356140134267,0.4971056550140314,-1.919041269027458
Time:,0.925,x:   ,3.6308903855088914,-0.01683839093975073,0.054271196389650105,-0.98927052913621,-0.3258670867284331,-0.027141429936939028,-1.4217557638062799,0.5427910976246675,-1.9645468614309474
Time:,0.93,x:   ,3.62657966385858,-0.01715295826895505,0.05547805709026383,-1.038033534215361,-0.32029283410481024,-0.03158958053961682,-1.4215579376720027,0.5905495096665968,-2.0121074473385994
Time:,0.935,x:   ,3.6218924632751905,-0.01686293432432401,0.05614091907615949,-1.0864075698579032,-0.31469121129062405,-0.036146672157670784,-1.421339766309842,0.6403092741080947,-2.0616490404179366
Time:,0.9400000000000001,x:   ,3.616831375178352,-0.015970126215273415,0.05625360147768155,-1.1343521987149927,-0.30913092791137026,-0.040766962734218204,-1.421098889082595,0.6919893932857282,-2.1130882823683232
Time:,0.9450000000000001,x:   ,3.611399870511216,-0.014479235502606451,0.05581475605183147,-1.1818269869960683,-0.30368189600414836,-0.045403298360933916,-1.4208329850788997,0.7454995903274656,-2.1663325754063654
Time:,0.9500000000000001,x:   ,3.6056023134897455,-0.012397922675496727,0.05482800497321781,-1.228791608414451,-0.298415007109599,-0.050007263198674295,-1.420539805550191,0.8007405298753085,-2.2212803354254995
Time:,0.9550000000000001,x:   ,3.5994439753830627,-0.009736871992266917,0.05330207805744889,-1.2752059487174896,-0.29340187903533715,-0.05452936661943025,-1.420217207344005,0.8576041630449278,-2.2778213703889327
Time:,0.96,x:   ,3.592931047638735,-0.006509853885758926,0.05125094403057864,-1.3210302108210656,-0.28871456826037134,-0.05891927842515551,-1.419863186853426,0.9159742005989314,-2.3358373874523575
Time:,0.965,x:   ,3.5860706534223743,-0.0027337811619321836,0.0486939283649283,-1.366225020488458,-0.28442524462809127,-0.06312612207316748,-1.4194759138791615,0.9757267168392169,-2.3952026307183782
Time:,0.97,x:   ,3.578870856418902,0.0015712456664527985,0.04565580827141603,-1.4107515323760231,-0.28060582595599126,-0.06709883421472948,-1.4190537646631214,1.0367308846073586,-2.45578464927048
Time:,0.975,x:   ,3.5713406655592634,0.0063819093070422855,0.04216687381029196,-1.4545715361239058,-0.2773275714773224,-0.07078659647603945,-1.4185953532115347,1.0988498389220152,-2.51744519213355
Time:,0.98,x:   ,3.563490034209322,0.011671668789240482,0.03826294291229617,-1.4976475620128435,-0.2746606346094776,-0.07413934225983207,-1.4180995598960822,1.161941663138908,-2.58004122303499
Time:,0.985,x:   ,3.555329852305928,0.01741078087430164,0.03398531755545131,-1.5399429855538633,-0.2726735773788198,-0.0771083374613284,-1.4175655562212146,1.22586048713158,-2.6434260433527945
Time:,0.99,x:   ,3.546871929966798,0.02356635576231118,0.0293806685762908,-1.5814221302432108,-0.271432850856381,-0.07964682949485512,-1.4169928245942873,1.29045768199779,-2.7074505065920773
Time:,0.995,x:   ,3.538128971250178,0.03010245251166822,0.024500837736395806,-1.6220503676167048,-0.27100224807712886,-0.08171075413318622,-1.4163811719514725,1.3555831304446793,-2.7719643023961518
