Grav Comp,0.0,dT,0.005,Substep Number,5
Kp,"[[100.   0.   0.]
 [  0. 100.   0.]
 [  0.   0. 100.]]",Kd,"[[50.  0.  0.]
 [ 0. 50.  0.]
 [ 0.  0. 50.]]",alpha,0.001
Time,State History
Time:,0.0,x:   ,0.7853981633974483,0.0,0.0,0.0,0.0,0.0,35.40387531290953,0.0,35.40387531290953,0.10600076372695608,1.0682018545111938,0.5443386149910164,0.0,0.0,0.0,2.0,0.0,0.5305309606973108,-1.5707963267948966,0.0,0.0
Time:,0.005,x:   ,0.7856566653384421,-0.00033930999390249935,0.00010045423626277804,0.07245207298550231,-0.003975655773165704,-0.0003849374838871542,35.40384968616258,0.0026326284477948807,35.40121705771479,0.10740474616197286,1.0669781637871822,0.5434921251340677,0.000517003881987721,-0.0006786199878049987,0.00020090847252555609,2.0,0.002592933913691007,0.5305173285694202,-1.5707963267948966,0.0,0.0
Time:,0.01,x:   ,0.7864145475105861,-0.0012904727118522705,0.00026703800325941416,0.14410795366318985,-0.005846038753633992,-0.002395384330419617,35.40369090178142,0.010403508172095741,35.39328739360932,0.10881487748470338,1.0657494296643284,0.5426422660971161,0.07395992458067036,-0.005814645826175215,-0.00019077112572608737,2.0,0.0024628036445301024,0.529936626465652,-1.498869170440502,-0.0032337004024706744,-0.0007248471322449157
Time:,0.015,x:   ,0.787650820810079,-0.0027811247209197777,0.00038480122539004603,0.21509653756048913,-0.006063929546868791,-0.004964068504032255,35.40330141092829,0.023163966844086514,35.380137444084205,0.11022421878334107,1.064527095633522,0.5417960493055971,0.14657497273536402,-0.008687410038171799,-0.0024147660638449684,2.0,0.0023542932194518078,0.5293069770803633,-1.428726668884794,-0.003125160596332243,-0.0031843685146250604
Time:,0.02,x:   ,0.7893492420650747,-0.004761480413572388,0.00040485881612945494,0.2855125519417339,-0.004902066432616911,-0.007603118997317678,35.402600204680276,0.04079962749503924,35.361800577185235,0.11163271158168801,1.0633112137865524,0.5409535106712111,0.21850232711967577,-0.0098042094628263,-0.005243757564346323,2.0,0.0022599839116814006,0.5285881524451064,-1.3601961570104737,-0.00028124863568152305,-0.006053475196605233
Time:,0.025,x:   ,0.7914964274133978,-0.007193886114846493,0.00030919100695362507,0.3554324588508068,-0.0025425403159787174,-0.010098299664657246,35.401516444485324,0.06322033648605305,35.33829610799927,0.11304029754023286,1.06210183620238,0.5401146853941113,0.2898423837305659,-0.009460694384796235,-0.008138312831025011,2.0,0.002176880179193376,0.5277490278321793,-1.2931504710962296,0.00492707784489675,-0.00875669484493226
Time:,0.03,x:   ,0.7940809054572071,-0.010047729448343765,9.396110236492046e-05,0.4249221603001493,0.0008803731770750975,-0.01236384676296771,35.399987694091124,0.0903562410389274,35.3096314530522,0.1144469185184002,1.0608990144696961,0.5392796092951483,0.3606751384452256,-0.007850419875953994,-0.010870259317557734,2.0,0.002103068684009476,0.5267650451147023,-1.2274866724691886,0.012245039020733536,-0.011058181522287575
Time:,0.035,x:   ,0.7970926204317363,-0.013296901788925605,-0.0002383715212265284,0.49404079651865523,0.005259531851938138,-0.014373609674260433,35.39795880100318,0.12215528597757842,35.2758035150256,0.1158525164677085,1.0597028000767763,0.5384483180636893,0.4310691512832805,-0.005114946196324875,-0.013352034519814926,2.0,0.002037050757109983,0.525616706857754,-1.1631160895801922,0.021478857381526335,-0.01287529147736187
Time:,0.04,x:   ,0.8005226524717122,-0.016918481844154197,-0.0006827624963344739,0.5628426761826554,0.010504794292665421,-0.016128437179369553,35.39538083815611,0.15858117766071678,35.23679966049539,0.1172570333459991,1.0585132447271441,0.5376208466476246,0.5010857890516927,-0.0013670498812906676,-0.015559060222389409,2.0,0.0019775889911581523,0.5242884655830835,-1.0999595158917317,0.032469913807017727,-0.014193535229720462
Time:,0.045,x:   ,0.8043630440819366,-0.02089200697032382,-0.0012333121872939246,0.6313783079114071,0.01653792344568458,-0.017640776691305354,35.392210100431555,0.19961163380761973,35.192598466623934,0.11866041121982415,1.057330399976382,0.5367972299384081,0.5707813100579151,0.003298303468171157,-0.01749433341068582,2.0,0.001923652565819765,0.5227678465761318,-1.037944778105958,0.045082317408818795,-0.01502770903609797
Time:,0.05,x:   ,0.8086066798873252,-0.025199030717794533,-0.001884056535274072,0.6996949942545375,0.023289906009929157,-0.01892744406963957,35.38840720253311,0.24523687642290898,35.1431703261102,0.12006259232190349,1.0561543170296666,0.535977503149018,0.6402079512469218,0.008798597448133813,-0.01917226108924811,2.0,0.00187438312249809,0.5210447464677781,-0.9770054085277285,0.05919665888372288,-0.015404148018699963
Time:,0.055,x:   ,0.8132471942835835,-0.029822822791642885,-0.002629314137922234,0.767837208053105,0.030699441353518726,-0.020006268271425834,35.38393630074928,0.29545834227017675,35.0884779584791,0.12146351897612165,1.054985047018598,0.5351617012771788,0.7094145461139136,0.015061000648437954,-0.02061130102663985,2.0,0.0018290671601911216,0.5191108744241237,-0.9170798424532534,0.07470664623172373,-0.015352672750795378
Time:,0.06,x:   ,0.818278894708176,-0.03474814255859121,-0.0034638246207655387,0.8358468563679605,0.03871200648040032,-0.020894570294127276,35.37876444053701,0.35028758490685846,35.02847685563015,0.12286313360441165,1.0538226409820164,0.5343498591338963,0.7784469155934387,0.02202082235772307,-0.02183064415614401,2.0,0.0017871125313054382,0.5169593109103534,-0.8581108738229134,0.09151710747490549,-0.014902994914612932
Time:,0.065,x:   ,0.8236966944893669,-0.03996105287325751,-0.004382789806701047,0.9037634826294939,0.047279213714101084,-0.021608507341927794,35.37286102143474,0.40974534208678065,34.96311567934796,0.1242613787719573,1.0526671497078304,0.5335420116365669,0.8473481438809666,0.029620554736979374,-0.022848754979592607,2.0,0.001748028448592052,0.5145841636572861,-0.8000452450977672,0.1095426604834944,-0.014083175366190514
Time:,0.07,x:   ,0.8294960522115672,-0.045448757971260995,-0.005381870494189952,0.9716244316887388,0.05635832514877819,-0.022162822223020223,35.3661973669123,0.4738607438784646,34.89233662303384,0.12565819708831602,1.0515186240981333,0.5327381931038208,0.9161587915394552,0.03780920815336897,-0.02368276543288185,2.0,0.0017114086029202005,0.5119803041039912,-0.7428333128836792,0.12870672409589096,-0.012919024444501945
Time:,0.075,x:   ,0.8356729159684629,-0.05119945728430518,-0.00645716377358518,1.039464990044449,0.0659118579940849,-0.022570779856528004,35.35874638614468,0.5426706393278354,34.81607574681684,0.1270535312462581,1.0503771150346288,0.53193843750364,0.9849170708046112,0.04654180253684356,-0.024348258696769612,2.0,0.00167691698641999,0.5091431706191081,-0.6864287611323147,0.14894071710545392,-0.01143393114959925
Time:,0.08,x:   ,0.842223671573383,-0.05720221092744366,-0.007605172571520692,1.1073185075636236,0.07590724829796565,-0.022844187680768038,35.35048231550558,0.616219022223947,34.734263293281636,0.12844732417632146,1.0492426728219417,0.5311427795064408,1.0536589952788171,0.05577894966170972,-0.024859228641732865,2.0,0.0016442760273539829,0.5060686273021204,-0.6307883478679487,0.17018337151659704,-0.00964888349869148
Time:,0.085,x:   ,0.849145094144439,-0.06344681450150481,-0.008822772831342375,1.1752165041233196,0.08631655644647358,-0.02299345134216224,35.341380528895634,0.6945565391426191,34.64682398975302,0.1298395188784638,1.0481153478059084,0.5303512532962773,1.1224185102441648,0.06548649465597989,-0.025228115782211468,2.0,0.0016132566785093335,0.5027528692004903,-0.5758716780447132,0.19238012365898952,-0.007582570119526719
Time:,0.09,x:   ,0.8564343026629828,-0.06992368179351953,-0.010107180761975426,1.2431887631743685,0.09711620546572967,-0.023027642965234036,35.331417407415685,0.7777400652938061,34.55367734212188,0.1312300585148029,1.0469951900414256,0.5295638931957778,1.191227606990941,0.0756352006241095,-0.02546587401605152,2.0,0.0015836701457907104,0.4991923664230118,-0.5216409983350245,0.21548256421114856,-0.005251512492100671
Time:,0.095,x:   ,0.8640887172046159,-0.07662373444315433,-0.011455921183329745,1.3112634135007366,0.10828674683439111,-0.02295457160186475,35.32057026018926,0.8658323357415022,34.454737924447755,0.13261888623281726,1.0458822499444589,0.5287807324132074,1.2601164231770463,0.08620046760122252,-0.025582047239736908,2.0,0.0015553609888823876,0.4953838409541511,-0.4680610112321856,0.23944793648753118,-0.0026702048730774188
Time:,0.1,x:   ,0.8721060186034834,-0.083538297910058,-0.012866797338721266,1.3794670000597757,0.11981265031875177,-0.022780851280882662,35.30881728925993,0.9589016213077013,34.349915667952224,0.1340059454567143,1.0447765772337774,0.5280018050520302,1.3291133305346152,0.09716208055195405,-0.025584846477071124,2.0,0.001528201367234949,0.4913242710387742,-0.4150987066723516,0.26423867637207005,0.00014874820037140803
Time:,0.105,x:   ,0.8804841103523939,-0.09065900323787526,-0.014337862241862454,1.4478245445665352,0.13168211524621362,-0.022511964824559094,35.29613759242736,1.057021439942637,34.23911615248472,0.13539117968272443,1.0436782216849756,0.5272271446627678,1.39824501086521,0.10850398282673135,-0.025481223530484647,2.0,0.0015020862408793043,0.4870109188606708,-0.36272320983957784,0.2898219893024819,0.003194500953240259
Time:,0.11,x:   ,0.8892210825726591,-0.09797769421865805,-0.015867391491405487,1.5163595963477712,0.1438869011012067,-0.022152322881617236,35.282511198648876,1.1602702955767679,34.12224090307211,0.1367745326073979,1.042587232666777,0.5264567851182879,1.46753652104805,0.12021407234078271,-0.025276939654191113,2.0,0.0014769293666090258,0.4824413779207486,-0.31090564409726806,0.3161694607780988,0.006457843328619862
Time:,0.115,x:   ,0.8983151779128197,-0.10548633964168731,-0.01745385743121247,1.5850942738992795,0.15642217558141894,-0.021705318214651742,35.26791913124007,1.2687314375003538,33.999187693739714,0.13815594790380126,1.041503659967673,0.5256907590275632,1.5370113476491425,0.13228401818799,-0.02497662889141572,2.0,0.0014526599563349858,0.4776136370634756,-0.25961900817649675,0.3432566974713646,0.009931085971009225
Time:,0.12,x:   ,0.9077647592566648,-0.11317695037517705,-0.019095904517357154,1.6540492975149308,0.16928637839637828,-0.02117337553843611,35.2523434945801,1.3824926341759447,33.869850860404156,0.1395353695713641,1.0404275525190396,0.5249291001617312,1.6066914516262163,0.14470909564932194,-0.024583856230454074,2.0,0.0014292198864993067,0.4725261585278506,-0.20883806688711334,0.37106299639967605,0.013607952804260236
Time:,0.125,x:   ,0.9175682791391235,-0.12104150108350695,-0.02079232575330821,1.723244013308315,0.18248109917510158,-0.020557997307996907,35.23576758038523,1.5016459561062083,33.73412162427902,0.14091274158110897,1.039358959703631,0.5241718409480148,1.676597303557668,0.1574880377010111,-0.024101170951755888,2.0,0.0014065613659392945,0.4671779677334804,-0.158539254720579,0.399571039868025,0.017483480554860535
Time:,0.13,x:   ,0.9277242507841417,-0.1290718564290645,-0.022542040063283437,1.7926964089136892,0.19601096789888806,-0.01985980588408816,35.21817598987774,1.626287562979225,33.59188842689852,0.14228800822045123,1.0382979300946886,0.5234190148651887,1.7467479097748426,0.17062290121689444,-0.02353015561783406,2.0,0.0013846449850649736,0.46156875277041465,-0.1087005917934406,0.4287666140750234,0.021553924508732815
Time:,0.135,x:   ,0.9382312206917486,-0.1372597016475834,-0.02434407048586664,1.8624231211297766,0.209883556301317,-0.01907858249798177,35.19955476836656,1.7565174908172994,33.44303727754926,0.14366111375607202,1.0372445127020418,0.5226706540569478,1.817160829741726,0.18411894611463303,-0.02287147117336193,2.0,0.0013634380821361978,0.45569897175805707,-0.05930161164177113,0.4586383494097998,0.025816669798371352
Time:,0.14,x:   ,0.9490877427122352,-0.14559647741950665,-0.026197523083465887,1.932439435756658,0.2241092886864291,-0.01821330341601526,35.17989154888458,1.892439435282186,33.28745211360239,0.1450320027666565,1.0361987557536307,0.5219267916455858,1.8878521850023209,0.19798452572803538,-0.022124898609080717,2.0,0.0013429133732084095,0.4495699663870987,-0.010323300422149358,0.4891774805670487,0.030270147557851058
Time:,0.145,x:   ,0.9602923535537548,-0.1540733189875446,-0.02810156647700103,2.0027592798718423,0.2387013606115578,-0.017262173675987393,35.15917570161543,2.0341605276553048,33.12501517396013,0.14640061986785627,1.0351607077147609,0.5211874597781806,1.9588366600024032,0.21223098670343915,-0.021289377616399797,2.0,0.0013230478013042655,0.44318408006925836,0.03825195289489371,0.5203776246785283,0.03491375533760226
Time:,0.15,x:   ,0.9718435496757458,-0.16268099949231973,-0.030055411928784092,2.073395206796093,0.253675663865892,-0.016222658736664237,35.137398485899034,2.18179110032965,32.95560738556939,0.1477669098588538,1.0341304167544862,0.5204526906340715,2.0301274950882124,0.22687257672075745,-0.02036304262762656,2.0,0.0013038215678552324,0.4365447792032846,0.08644039573672076,0.5522345757053969,0.039747781229941624
Time:,0.155,x:   ,0.9837397655244114,-0.17140987751386813,-0.03205829390957657,2.144358374012371,0.2690507161516702,-0.015091514350581184,35.114553201646764,2.3354444389320497,32.77910876271471,0.1491308177175851,1.033107930769454,0.5197225163690148,2.101736471989387,0.2419263583320302,-0.019343256603370954,2.0,0.0012852173156844308,0.42965677612910547,0.13425694094056387,0.5847461133597665,0.04477333121578218
Time:,0.16,x:   ,0.995979353068158,-0.18024984881694361,-0.03410945109804736,2.215658514321946,0.28484759384388436,-0.013864814940332523,35.09063533703345,2.495236518449656,32.59539881858379,0.15049228856863892,1.032093297508663,0.5189969688667851,2.173673892106608,0.2574121271943648,-0.018226642895814507,2.0,0.0012672194379773772,0.4225261523935675,0.181715185970292,0.617911824828252,0.049992259300280215
Time:,0.165,x:   ,1.0085605625905252,-0.18919030230279274,-0.036208107772135546,2.2873039005499485,0.3010898661684927,-0.012537980730534188,35.06564270937396,2.661285720970584,32.40435698840338,0.15185126771203622,1.0310865644735288,0.5182760799194699,2.2459485479455825,0.27335233295211975,-0.01700911548537952,2.0,0.0012498134919784085,0.4151604809946674,0.2288274227645321,0.6517329375577052,0.05540710005889157
Time:,0.17,x:   ,1.0214815246959033,-0.19822008016970327,-0.03835345556197669,2.3593013041480755,0.317803529100397,-0.011105803862450194,35.039575596147,2.833712532871454,32.20586306327555,0.1532077006022755,1.0300877790017808,0.5175598810567971,2.3185676880677075,0.2897720009971,-0.015685907859769747,2.0,0.001232985699707502,0.40756894631234886,0.2756046386759011,0.6862121613365065,0.06102100326418363
Time:,0.17500000000000002,x:   ,1.0347402334794709,-0.20732744227967137,-0.040544635542941236,2.4316559480843565,0.33501693724287823,-0.00956247369659615,35.01243685320235,3.0126392194984133,31.999797633703942,0.15456153286757124,1.029096988202798,0.5168484036589636,2.391536975963692,0.3066986533074474,-0.0142516007791013,2.0,0.00121672252093111,0.39976246047458197,0.3220565090047503,0.7213535378667901,0.06683767030678117
Time:,0.18,x:   ,1.048334530807594,-0.21650003471963403,-0.04278072065483066,2.504371454458558,0.35276073191186735,-0.007901601491271124,34.98423201728746,3.198189475595998,31.78604254169146,0.15591271032368886,1.028114238912597,0.5161416790316271,2.4648604432991386,0.32416222653781923,-0.012700149149670326,2.0,0.0012010102860495696,0.3917537749492137,0.3681913816839505,0.7571622959770873,0.072861292159991
Time:,0.185,x:   ,1.062262091648737,-0.22572486253363194,-0.04506069843929614,2.5774497873365796,0.37106776361330057,-0.0061162446326177965,34.9549693901557,3.3904880499413808,31.56448134021432,0.15726117894408317,1.0271395778111054,0.5154397381715672,2.5385404380303163,0.3421949855072669,-0.01102490821251216,2.0,0.0011858348785688266,0.3835575861958356,0.41401625473284204,0.7936447105745308,0.07909648866608011
Time:,0.19,x:   ,1.0765204103881758,-0.2349882665878964,-0.04738345409204206,2.650891191357824,0.38997300707175825,-0.004198930585157997,34.92466010167536,3.589660342840576,31.33499975883478,0.15860688490130884,1.0261730512748957,0.514742612036668,2.6125775679438386,0.36083143020876673,-0.009218659241991542,2.0,0.0011711814584792828,0.37519063425535215,0.45953674716748705,0.8308079633845595,0.08554824894209258
Time:,0.195,x:   ,1.0911067880528786,-0.24427590451516318,-0.04974775382936406,2.724694126735842,0.4095134669452674,-0.002141680731403977,34.89331814954275,3.795831975337341,31.097486174205407,0.15994977452965017,1.0252147055226237,0.5140503312576757,2.6869706402355007,0.38010819444721355,-0.007273634944875526,2.0,0.0011570342192377097,0.3666717931971739,0.5047570641297433,0.8686600034775399,0.0922218727138526
Time:,0.2,x:   ,1.1060183203663385,-0.2535727356685459,-0.052152228570133845,2.798855201344526,0.42972807234600946,6.396572444407713e-05,34.86096041341481,4.00912832917357,30.851832084241238,0.16128979436059848,1.0242645864895352,0.5133629263665028,2.761716597811106,0.40006393420227726,-0.005181544752205253,2.0,0.00114337617219182,0.35802215238067525,0.5496799570784289,0.907209405539369,0.09912291238806244
Time:,0.20500000000000002,x:   ,1.1212518865473693,-0.262863010000111,-0.05459535793463327,2.8733691006597564,0.4506575582808895,0.002426927600197998,34.82760664151034,4.229674056719763,30.597932584790577,0.16262689111018327,1.023322739881238,0.5126804276826382,2.8368104530658034,0.42073920380997065,-0.002933600205232756,2.0,0.0011301889532495954,0.3492650875158869,0.5943066799710648,0.9464652238101926,0.10625711566403379
Time:,0.21,x:   ,1.1368041387624257,-0.2721302607659342,-0.057075454560900005,2.948228516410053,0.47234433213036703,0.004956557117580514,34.79327940798165,4.457592560263782,30.335686847717866,0.16396101168337512,1.0223892111638302,0.5120028653208787,2.912245219978442,0.4421763180629509,-0.0005205406529347478,2.0,0.0011174526474223843,0.34042632052293165,0.6386369424535906,0.9864368395948193,0.11363036846886526
Time:,0.215,x:   ,1.1526714921383592,-0.2813573009488748,-0.059590648737784115,3.0234240748796277,0.49483232329924526,0.007662614585294759,34.758004039623096,4.693005440202872,30.06499859942022,0.16529210319175572,1.0214640455045318,0.5113302692933249,2.9880118454441345,0.46441919834510936,0.0020673404977391147,2.0,0.0011051456275913856,0.33153396718711114,0.6826688611674163,1.027133800242859,0.12124863797330734
Time:,0.22,x:   ,1.1688501152421245,-0.2905262232834856,-0.062138873352124896,3.0989442659039206,0.518166814199646,0.01055524211160111,34.72180851075398,4.936031911826317,29.785776598927665,0.16662011292025838,1.0205472879024726,0.51066266924885,3.064099140861996,0.4875132009412805,0.004840168706865378,2.0,0.0010932444045011625,0.32261857158126084,0.7263989103777471,1.0685656475082517,0.12911791541111517
Time:,0.225,x:   ,1.185335920936251,-0.2996184037651541,-0.06471784914578738,3.1747753737016113,0.5423942507643664,0.013644936033759783,34.68472330538484,5.186788190501906,29.497935114882935,0.16794498838051405,1.0196389829960038,0.5100000948291237,3.140493715096479,0.5115049256981902,0.007808460092014413,2.0,0.0010817234855906564,0.3137131261759478,0.769821873223977,1.1107417332284983,0.13724415838358917
Time:,0.23,x:   ,1.2021245575242383,-0.30861450852837596,-0.06732507027725666,3.250901410798922,0.5675620307383615,0.016942517705089272,34.64678124604174,5.445386845188231,29.201394400853513,0.1692666772688199,1.0187391752264072,0.5093425753452037,3.217179910040381,0.5364420032582192,0.010983091730308148,2.0,0.0010705552408609863,0.3048530764775954,0.8129307949919046,1.1536710203149712,0.14563323228482147
Time:,0.23500000000000001,x:   ,1.219211400108742,-0.31749450398744405,-0.06995779018261039,3.3273040564221525,0.5937182680573897,0.020459102228996336,34.608017288879296,5.711936120286197,28.896081168593096,0.1705851274947404,1.0178479087375651,0.5086901399574328,3.2941397401259316,0.562372859143446,0.014375270068467672,2.0,0.0010597097745678045,0.2960763089226468,0.8557169399084477,1.1973618671183341,0.15429085043368845
Time:,0.24,x:   ,1.236591542097751,-0.3262376701470812,-0.07261300773252964,3.403962600863251,0.6209115316962039,0.024206064674150558,34.568468284954534,5.986539225918023,28.58192905903651,0.1719002871789682,1.0169652273905465,0.5080428176361759,3.3713528372577946,0.589346453034073,0.017996496982788268,2.0,0.0010491548021319423,0.28742312061132225,0.898169753062293,1.2418217933282354,0.16322251244784755
Time:,0.245,x:   ,1.254259786810082,-0.3348226170107443,-0.07528745368611138,3.480853897460811,0.6491905574546767,0.028195003247108504,34.5281727077598,6.269293596782269,28.25887911097753,0.17321210464243222,1.0160911748111128,0.5074006370598158,3.4487964027784157,0.6174119916634494,0.021858532972795802,2.0,0.0010388555322982124,0.2789361692878529,0.9402768291582517,1.287057225684938,0.17243344034501856
Time:,0.25,x:   ,1.2722106391515557,-0.3432273040404215,-0.07797757744913009,3.5579523239850093,0.6786039312498631,0.032437698839340806,34.487170347322255,6.560290119782045,27.926880227540213,0.17452052843581334,1.0152257942857146,0.5067636268014981,3.5264451682216658,0.6466186138424429,0.025973356911577594,2.0,0.0010287745552540215,0.27066040176678197,0.9820238899185542,1.333073221923286,0.18192851180983777
Time:,0.255,x:   ,1.2904382973572295,-0.3514290626535204,-0.08067953415452893,3.6352297553687833,0.7091997425967271,0.03694607030601918,34.445501971372764,6.8596123306644525,27.585889640708313,0.17582550732856492,1.0143691288091794,0.5061318152266139,3.604271366764535,0.677015046230455,0.030353121713656978,2.0,0.001018871738151157,0.26264295877062516,1.023394772050076,1.379873171537496,0.19171219002271483
Time:,0.26,x:   ,1.308936644823037,-0.3594046217795639,-0.08338917209670235,3.7126555498876215,0.7410252070920793,0.04173212477542429,34.40320895427118,7.1673355799477445,27.235873374323432,0.17712699029003662,1.0135212211624232,0.5055052303331901,3.6822447174473374,0.7086492285909534,0.035010105219142745,2.0,0.001009104130265718,0.2549330538871537,1.0643714278012633,1.4274584721500811,0.20178844941254745
Time:,0.265,x:   ,1.32769924208207,-0.3671301365414706,-0.08610202056886836,3.790196551054516,0.7741262568678533,0.04680790223178982,34.36033287455456,7.483526168454561,26.876806706099995,0.17842492654662237,1.0126821137042483,0.5048839001370483,3.760332424398528,0.7415679074087017,0.03995665553212152,2.0,0.0009994258808844305,0.24758182408134743,1.1049339402343878,1.4758281804916429,0.21216069666985823
Time:,0.27,x:   ,1.3467193190164468,-0.37458122017271556,-0.08881327817472617,3.8678171076618715,0.8085470981544218,0.052185413562317956,34.316915082157465,7.808240452822226,26.508674629335243,0.17971926552441392,1.0118518485936456,0.5042678522364594,3.838499193467941,0.7758161969071855,0.04520512999344581,2.0,0.0009897881739204398,0.24064214891442592,1.1450605554350473,1.5249786372526166,0.22283168634289816
Time:,0.275,x:   ,1.3659897674351005,-0.38173297933218275,-0.09151780171173166,3.9454791145644013,0.8443297352960328,0.05787657121253319,34.272996236549645,8.14152392143214,26.131472315117506,0.18100995689540325,1.0110304676226212,0.5036571141191294,3.9167072688381652,0.811437106691923,0.050767826914845215,2.0,0.00098013918423607,0.23416843533946974,1.1847277339679643,1.5749030653562885,0.23380343033830853
Time:,0.28,x:   ,1.385503134190735,-0.3885600530325839,-0.09421009575364273,4.023142076951175,0.8815134607930267,0.06389311155486888,34.22861581725738,8.483410241299238,25.74520557595814,0.18229695055810777,1.0102180122957847,0.5030517129988011,3.9949164923430187,0.848471035462866,0.05665690915454452,2.0,0.0009704240616749556,0.2282163646690627,1.223910223961549,1.6255911415280337,0.24507710066182997
Time:,0.28500000000000003,x:   ,1.4052516150554673,-0.3950366554555538,-0.0968843030942869,4.100763200994617,0.9201343112140106,0.07024650804537563,34.18381160849521,8.833920276598734,25.34989133189648,0.1835801966439638,1.0094145238129315,0.5024516758367419,4.073084388368602,0.886955230491757,0.06288431857641472,2.0,0.0009605849498683806,0.22284259805579332,1.2625811582576676,1.6770285414028645,0.2566529247649885
Time:,0.29,x:   ,1.425227049624079,-0.40113662298667274,-0.09953419625240681,4.178297513881817,0.9602244891307607,0.07694787422493025,34.13861915994861,9.193061079692567,24.945558080256042,0.18485964553239018,1.0086200430188612,0.5018570294256622,4.151166277338845,0.9269232128533773,0.06946168040750722,2.0,0.0009505610479626626,0.21810443660347012,1.3007121780906867,1.7291964588267228,0.26853007291232084
Time:,0.295,x:   ,1.4454209175661132,-0.4068334658665669,-0.10215317027840844,4.255698016320017,1.001811751584566,0.08400785561694178,34.09307122613405,9.56082485576421,24.53224637036984,0.18613524784489752,1.0078346104321807,0.5012678003230787,4.2291154208851465,0.9684041687385063,0.07640019649542565,2.0,0.0009402887244897641,0.21405943204726263,1.3382735857529198,1.78207110047164,0.2807065370522425
Time:,0.3,x:   ,1.465824336603068,-0.41210042491992216,-0.10473423714712873,4.332915870653245,1.0449187660003734,0.09143650958624348,34.0471971872368,9.937187902491914,24.110009284744883,0.187406954440877,1.0070582662678735,0.5006840147965664,4.306883201858651,1.0114223075666906,0.08371052647054317,2.0,0.0009297016936362926,0.21076494381980826,1.3752345286525147,1.835623157406535,0.29317900076480063
Time:,0.305,x:   ,1.4864280626443316,-0.41691053389290833,-0.10727002206542394,4.409900627718927,1.0895624349297963,0.09924317225707856,34.001022454909226,10.32210952660279,23.67891292830644,0.18867471643604616,1.0062910503741835,0.5001056989322941,4.384419342352302,1.0559961880641722,0.09140265584225593,2.0,0.0009187312651152425,0.20827763827272072,1.4115632170636387,1.8898172558499888,0.3059426999731038
Time:,0.31,x:   ,1.5072224925750117,-0.4212366880015157,-0.10975276206830827,4.486600495498871,1.135753191530989,0.10743631164571071,33.954567867222735,10.715530939671789,23.23903692755095,0.18993848519739062,1.0055330022583144,0.49953287857429085,4.461672162845196,1.1021380139820576,0.09948575010743313,2.0,0.0009073066796562117,0.2066529258676013,1.4472271776951728,1.944611389985089,0.31899127424404966
Time:,0.315,x:   ,1.5281976702500688,-0.42505171936920355,-0.11217430732118062,4.562962652463335,1.1834942682877156,0.11602336624958631,33.90784907782445,11.117374136180494,22.790474941643954,0.19119821234567821,1.0047841610834736,0.49896557931834895,4.538588885449406,1.1498529017075043,0.10796799402766108,2.0,0.0008953555427335984,0.2059443323096959,1.4821935449492687,1.9999563404459113,0.33231660867002233
Time:,0.32,x:   ,1.5493432963117462,-0.42832848011273544,-0.11452612558678488,4.638933608254164,1.2327809421367029,0.12501056845495837,33.860875945377316,11.527540757655444,22.33333518772187,0.19245384974901286,1.0040445656999453,0.4984038264410411,4.615115984013413,1.1991381226718443,0.11685641534495067,2.0,0.0008828043694800591,0.20620279989680146,1.5164293913899207,2.055795082897315,0.3459086665185204
Time:,0.325,x:   ,1.5706487425106974,-0.4310399339209207,-0.1167993103521569,4.7144596139854125,1.2835997599168214,0.13440275228365084,33.813651930577564,11.945910947689713,21.867740982887852,0.19370534954885485,1.0033142545529685,0.49784764506357904,4.691199583499104,1.2499823241898178,0.12615669235889332,2.0,0.0008695792536829484,0.20747591583062786,1.5499020984777097,2.1120621920316593,0.3597553130632071
Time:,0.33,x:   ,1.5921030712748225,-0.4331592570629955,-0.1189845931409373,4.789487123938698,1.335927748881395,0.1442031452027421,33.76617350946688,12.372342203846127,21.393831305620754,0.19495266414932969,1.0025932657297503,0.4972970600504756,4.766785910582029,1.3023647331795922,0.135872944987776,2.0,0.0008556066732429402,0.20980706492914614,1.5825797680323839,2.1686832473055833,0.3738421312696506
Time:,0.335,x:   ,1.613695061332832,-0.43465994986227574,-0.12107236055792198,4.863963309775351,1.3897316179325956,0.15441314397406025,33.71842961340233,12.806668233877147,20.91176137952518,0.19619574621882518,1.0018816369599162,0.4967520959970005,4.841821796806769,1.3562543481210387,0.1460075091880737,2.0,0.0008408144433645195,0.21323450514228703,1.6144316741411053,2.22557424784559,0.38815223030391766
Time:,0.34,x:   ,1.6354132402609391,-0.43551595977691904,-0.12305267662333882,4.937836627556575,1.4449669562524359,0.16503207482928706,33.670401107928726,13.248697825411586,20.421703282517143,0.19743454869218963,1.0011794056136694,0.4962127772209993,4.9162552348389585,1.4116091256183452,0.15656069491725355,2.0,0.0008251328269293281,0.2177903655799902,1.64542875431708,2.2826410451721832,0.4026660481639312
Time:,0.34500000000000003,x:   ,1.657245924879486,-0.4357018173430561,-0.12491531095180983,5.01105743683324,1.5015774371284722,0.1760569386267619,33.62206032491984,13.698213740286828,19.92384658463301,0.19866902478221368,1.0004866086645754,0.49567912782218543,4.990035987369162,1.4683751690531386,0.16753052820001646,2.0,0.0008084958088412031,0.22349956850107588,1.67554413761019,2.3397788037392506,0.4173611501036361
Time:,0.35000000000000003,x:   ,1.6791812704800013,-0.4351927863552409,-0.12664977331311408,5.083578669814285,1.5594940360171552,0.18748214208307795,33.57337066471109,14.154971647081958,19.418399017629138,0.1998991279728981,0.9998032827216005,0.49515117160941385,5.063116247016749,1.5264859280595142,0.1789124783036506,2.0,0.0007908425374904128,0.23037867899826914,1.704753706056747,2.396871500769996,0.43221202492987876
Time:,0.355,x:   ,1.701207329909756,-0.4339650297828733,-0.12824535507677268,5.1553565471213245,1.6186342732706551,0.1992992166810431,33.52428628752057,14.618699108161403,18.905587179359163,0.20112481203358995,0.9991294639816402,0.494628932179614,5.135451344127556,1.5858614189401699,0.19069917154910299,2.0,0.0007721189317308638,0.23843468909014742,1.7330366843080447,2.4537914785059165,0.44718988170264834
Time:,0.36,x:   ,1.7233121235772542,-0.43199579304479685,-0.12969117798862922,5.226351334860535,1.6789014934952156,0.21149652743970396,33.474751916205285,15.089094640689007,18.38565727551628,0.20234603100534398,0.99846518828787,0.49411243279497763,5.207000497630292,1.6464074776950781,0.20288009388488237,2.0,0.0007522794457677914,0.2476637467662517,1.760376250475784,2.510399063784672,0.4622624498621408
Time:,0.365,x:   ,1.7454837214640577,-0.42926360638087124,-0.13097625065413965,5.296528135663957,1.7401841952365067,0.2240589743952659,33.42470277526042,15.565826874618947,17.858875900641475,0.20356273921125384,0.9978104910967304,0.4936016964343875,5.277727602084979,1.7080150590775487,0.21544128503406978,2.0,0.0007312889769969663,0.25804984542870457,1.7867601591568631,2.566542271839291,0.4773937863423491
Time:,0.37,x:   ,1.7677103382303678,-0.4257485081585554,-0.13208953301004747,5.365857703944506,1.8023554266301933,0.23696769038650778,33.374064693835194,16.048533834585516,17.32553085924968,0.20477489127928242,0.9971654073970687,0.49309674593606223,5.347602041694248,1.7705595970583383,0.22836502779244516,2.0,0.000709124893032616,0.2695634953573123,1.8121813652335124,2.6220566133754493,0.4925440938125401
Time:,0.375,x:   ,1.7899804424765655,-0.421432291019266,-0.1330200089547129,5.434317272847564,1.865272264846606,0.2501997395666263,33.32275440325694,16.536822376827292,16.78593202642965,0.20598244211554811,0.9965299718182713,0.49259760378002126,5.41659951932874,1.833900444301097,0.24162953690871003,2.0,0.0006857791438455926,0.28216040653194785,1.8366386343756083,2.676765026339629,0.5076695548181358
Time:,0.38,x:   ,1.812282881160927,-0.4162987727823171,-0.13375676718021506,5.50189137724722,1.9287753996290122,0.26372782197679057,33.27068006190473,17.03026781666299,16.240412245241732,0.20718534691385695,0.9959042186001564,0.49210429213410595,5.484702885519178,1.8978804107663159,0.255208652915489,2.0,0.0006612604131030588,0.2957802215983021,1.860137123197324,2.73047795633095,0.5227221872759191
Time:,0.385,x:   ,1.8346070200627018,-0.41033409395485654,-0.13428909011074866,5.568572653616685,1.992688844000757,0.27751999051637033,33.21774204195768,17.528413786374422,15.68932825558326,0.20838356117503423,0.9952881815252402,0.4916168329717732,5.551902948876634,1.9623254243951531,0.26907154730079946,2.0,0.0006355962495165826,0.31034534912567224,1.8826889087512308,2.782993612304866,0.5376497275222968
Time:,0.39,x:   ,1.8569429010041598,-0.4035270435066538,-0.13460655070784577,5.6343625937054025,2.056819798306911,0.2915393877322803,33.16383401316062,18.03077236732663,15.133061645833989,0.2095770406967447,0.994681893963701,0.49113524797513286,5.618199245520633,2.027044339993801,0.2831824465118793,2.0,0.0006088351044295422,0.3257599606219168,1.904313443512313,2.834098427007109,0.5523955479275708
Time:,0.395,x:   ,1.8792814162858504,-0.3958694142107513,-0.13469911676137358,5.699272224711335,2.1209586971409204,0.3057440110270349,33.10884435778563,18.536824543311354,14.57201981447427,0.21076574157272177,0.9940853888824118,0.4906595585065383,5.6836007408484805,2.0918289259307787,0.29750038346408936,2.0,0.0005810481863077387,0.3419092298691311,1.9250379082767795,2.8835677543522813,0.5668986169868365
Time:,0.4,x:   ,1.9016145004229972,-0.3873563882655732,-0.13455726215528258,5.763322684116586,2.184879472317701,0.32008651615398526,33.052657947775785,19.04602102381584,14.006636923959947,0.21194962019911434,0.9934986988266981,0.49018978563224364,5.748126432432467,2.1564540620151877,0.31197898648410705,2.0,0.0005523310267306396,0.3586589095125383,1.9448974315864724,2.9311668385463343,0.5810935107946722
Time:,0.405,x:   ,1.923935338770725,-0.37798695303076796,-0.13417208448859516,5.826545652686391,2.2483400687504327,0.3345140702299424,32.99515830885464,19.55778348538459,13.437374823470055,0.2131286332905435,0.9929218558647336,0.489725950217349,5.811805818104203,2.2206781858149838,0.32656631694466537,2.0,0.0005228046366641863,0.37585535647080537,1.9639351405627528,2.97665209187652,0.5949104859218557
Time:,0.41000000000000003,x:   ,1.9462385919617906,-0.36776434544839937,-0.13353542835440646,5.888983604525051,2.311083253625222,0.348968266947507,32.936230186268055,20.071506275444076,12.864723910823978,0.21430273785888196,0.9923548916747521,0.4892680727485786,5.87467918857537,2.284244028471925,0.3412047682405783,2.0,0.0004926161173316757,0.393326132968836,1.9822020046517888,3.019772719368724,0.6082756249493912
Time:,0.41500000000000004,x:   ,1.9685206342216888,-0.3566965219991003,-0.13264001353944782,5.950689828854714,2.372837762265846,0.3633851182005612,32.87576251181523,20.586558614699687,12.289203897115547,0.21547189123004573,0.9917978374865573,0.48881617343489797,5.936797699554624,2.3468796844110393,0.35583104019851586,2.0,0.0004619385784338062,0.4108813213274054,1.9997564311112472,3.06027272840924,0.6211110672774115
Time:,0.42,x:   ,1.9907798025439338,-0.3447966487793249,-0.13147956740546934,6.011728174788251,2.4333198259910365,0.377695137917274,32.81365175095128,21.10228732015514,11.71136443079614,0.21663605105845346,0.9912507240317369,0.48837027229161606,5.998223174688912,2.4083000616947414,0.3703762044775395,2.0,0.00043097020991029236,0.42831569464282815,2.016663569601044,3.0978933592533915,0.6333353392884782
Time:,0.425,x:   ,2.0130166523822464,-0.33208360341818016,-0.13004896074400238,6.072172468422781,2.49223512734604,0.39182353546432336,32.74980558119837,21.61802004959645,11.131785531601924,0.21779517529968304,0.9907135816543465,0.48793038891866747,6.059027588382692,2.468208760405093,0.3847658779493231,2.0,0.00039993235462419403,0.4454118778011953,2.0329942836181996,3.1323759672414533,0.6448637994373279
Time:,0.43,x:   ,2.0352342139413704,-0.3185824770549043,-0.1283443464379328,6.132105551881095,2.549281225394941,0.40569053743037076,32.68414681847257,22.13306903886131,10.55107777961126,0.2189492222353439,0.9901864402210856,0.48749654266121945,6.119292177407969,2.526300424412989,0.3989205223486313,2.0,0.0003690664416838061,0.4619446088650898,2.0488237495252277,3.163465378522798,0.6556092152244969
Time:,0.435,x:   ,2.0574382413456687,-0.3043250605087997,-0.12636330028024484,6.191617897440239,2.6041504871760295,0.4192118577242005,32.61661746650785,22.64673526470901,9.969882201798832,0.2200981504763495,0.9896693291142236,0.4870687526126588,6.179106133163575,2.5822636060841506,0.4127558894919364,2.0,0.00033862966753042787,0.4776861646081514,2.0642296504722384,3.19091372710175,0.6654824900524261
Time:,0.44,x:   ,2.079637444994829,-0.2893502942256365,-0.12410496323687205,6.250805757700556,2.6565335497469347,0.4322993364327746,32.547182717733776,23.158312918856847,9.388869798876927,0.22124191895183556,0.9891622772797241,0.4866470375124053,6.238564833560139,2.635784172639709,0.42618363181670116,2.0,0.00030888935855018424,0.4924129416011791,2.0792899435704815,3.214484761090982,0.6743935582904452
Time:,0.445,x:   ,2.1018436953921458,-0.2737046568411009,-0.12157018422317684,6.309768825977068,2.706123319346175,0.4448617673392123,32.47583468465414,23.667094024410677,8.808740660243462,0.22238048691917672,0.9886653131941715,0.4862314157986467,6.297767585922357,2.6865492658293473,0.4391120975154085,2.0,0.0002801160185065992,0.5059130838318229,2.0940801951380656,3.2339585795115493,0.6822524659617621
Time:,0.45,x:   ,2.1240721848306565,-0.2574424626848891,-0.11876166200635742,6.368607400696889,2.752619489252002,0.45680593181039,32.40259559380378,24.172372968079145,8.230222625724638,0.22351381396974798,0.9881784648479301,0.48582190563025746,6.356814871009732,2.7342518023516695,0.4514473276052964,2.0,0.00025257515875898914,0.5179949215030302,2.1086705013484184,3.2491367277214476,0.6889706516180112
Time:,0.455,x:   ,2.1463415317944756,-0.24062603485424114,-0.1156840840649316,6.427419074111085,2.7957335257434486,0.4680378522012198,32.32752013662859,24.67345066615301,7.65406947047558,0.22464186002257316,0.9877017597748958,0.48541852481995795,6.415805103883153,2.7785954707250062,0.4630942682296658,2.0,0.00022651812837711988,0.5284958413852969,2.1231220402942026,3.2598475404334883,0.694462436359529
Time:,0.46,x:   ,2.1686738120905438,-0.22332571836725826,-0.11234425907217292,6.48629499889653,2.8351940329866725,0.47846427019153476,32.2506966519101,25.169638037621645,7.08105861428845,0.22576458533979146,0.9872352249980786,0.4850212909281227,6.474830959820117,2.819300141697898,0.47395820458690163,2.0,0.00020217229973908598,0.5372910619751163,2.137483335639029,3.2659515784324147,0.6986467227312475
Time:,0.465,x:   ,2.1910945009246716,-0.2056196982167497,-0.10875123812072066,6.545315824977398,2.870752364860632,0.48799434385190477,32.17224682247685,25.66025843434196,6.511988388134893,0.22688195051749738,0.9867788870700192,0.484630221175844,6.533975351702496,2.8561075657571258,0.48394641241944697,2.0,0.00017973111188134588,0.5443016589015315,2.1517863498531535,3.2673469621906253,0.7014488886608883
Time:,0.47000000000000003,x:   ,2.2136323117254477,-0.18759359071886725,-0.10491641796142467,6.604547440524935,2.902188308433865,0.4965415413174615,32.092323614266775,26.1446486870043,5.947674927262478,0.22799391648824371,0.9863327720681954,0.48424533244396945,6.593307186834196,2.888787186390259,0.4929700084929283,2.0,0.0001593446108882495,0.5495011047811111,2.166042563383301,3.2639743678279936,0.7028028444157777
Time:,0.47500000000000003,x:   ,2.2363189207756555,-0.16933978403001435,-0.10085361760539814,6.66403669152471,2.9293156252112165,0.5040256889464658,32.011107274941565,26.62215847660607,5.388948798335495,0.2291004445333478,0.9858969055524673,0.48386664134464946,6.652877072095448,2.9171418565931972,0.5009459629985505,2.0,0.00014111123004264487,0.5529195809796601,2.1802392305441374,3.255821424653226,0.7026531982093468
Time:,0.48,x:   ,2.259188571748141,-0.150956515330828,-0.09657911798270971,6.723807288204729,2.9519872085536507,0.510375108916674,31.928799343394218,27.09214784009056,4.836651503303655,0.23020149627563993,0.9854713125979117,0.48349416414926627,6.712713171512934,2.9410132149049826,0.5077992151967876,2.0,0.00012507159511416962,0.5546454085470742,2.194336028016652,3.2429262455666383,0.7009574511622071
Time:,0.485,x:   ,2.2822775609299475,-0.13254668758153673,-0.09211165341980045,6.783856128023034,2.970099605001225,0.5155287577196469,31.845614793939703,27.553982764690033,4.291632029249669,0.23129703368428978,0.985056017780956,0.4831279168055361,6.772817443788854,2.9602864624334897,0.5134648108567424,2.0,0.00011120509666475838,0.5548231406432382,2.208262321928959,3.225379837596563,0.6976881176963433
Time:,0.49,x:   ,2.305623611818207,-0.11421644683462413,-0.08747234397837136,6.844150268221091,2.9835966584290627,0.5194382564865162,31.76177263383966,28.007029008240824,3.754743625598833,0.23238701908012138,0.9846510451635044,0.4827679149586146,6.833162493391633,2.974894289227728,0.5178899592589568,2.0,9.94298248620352e-05,0.5536481482160198,2.221915269755219,3.203327182896976,0.6928346472156995
Time:,0.495,x:   ,2.3292651561378643,-0.09607356001719344,-0.08268455959016645,6.90462476221232,2.992472071119411,0.5220696908479738,31.67748546572519,28.450644482743666,3.226840982981524,0.23347141513373498,0.9842564183047617,0.4824141739194951,6.893689253259705,2.9848197297047205,0.5210358927283217,2.0,8.960621186595418e-05,0.551357881794706,2.2351589409839763,3.1769668497391073,0.6864050119086547
